c PyNETGEN v1.0.0
c $ pip install pynetgen
c
c  NETGEN flow network generation algorithm
c  Problem input parameters
c  -------------------------------------
c   Random seed:          38373326
c   Number of nodes:      300
c   Source nodes:         8
c   Sink nodes:           9
c   Number of arcs:       2000
c   Minimum arc cost:     2
c   Maximum arc cost:     200
c   Total supply:         120000
c   Transshipment -
c     Sources:            0
c     Sinks:              0
c   Skeleton arcs -
c     With max cost:      50
c     Capacitated:        100
c   Minimum arc capacity: 10
c   Maximum arc capacity: 100
c
c  *** Minimum cost flow ***
c
p min 300 2000
n 1 30889
n 2 12031
n 3 14326
n 4 1728
n 5 10202
n 6 28272
n 7 6505
n 8 16047
n 292 -6110
n 293 -46114
n 294 -7135
n 295 -23924
n 296 -5101
n 297 -5681
n 298 -10361
n 299 -4532
n 300 -11042
a 1 118 0 30889 167
a 1 208 0 31 102
a 1 235 0 62 72
a 1 285 0 47 37
a 69 241 0 30889 200
a 69 110 0 96 158
a 69 129 0 40 132
a 69 115 0 95 140
a 69 103 0 40 165
a 69 49 0 48 33
a 75 69 0 30889 200
a 75 78 0 87 139
a 75 239 0 89 148
a 75 38 0 23 166
a 75 147 0 82 35
a 75 258 0 19 74
a 75 43 0 56 174
a 75 292 0 19 165
a 75 92 0 17 192
a 75 172 0 11 68
a 75 65 0 54 62
a 78 196 0 30889 57
a 78 52 0 80 18
a 78 115 0 11 107
a 78 185 0 63 188
a 78 241 0 62 128
a 78 30 0 82 100
a 79 192 0 30889 200
a 79 48 0 83 144
a 79 23 0 22 199
a 94 109 0 30889 165
a 94 58 0 70 121
a 94 202 0 62 74
a 94 162 0 92 27
a 94 19 0 21 120
a 94 24 0 69 148
a 94 214 0 24 132
a 94 99 0 11 104
a 94 203 0 48 107
a 101 216 0 30889 200
a 101 114 0 79 137
a 101 26 0 84 115
a 101 194 0 55 183
a 101 285 0 75 114
a 101 288 0 74 65
a 101 89 0 82 169
a 101 161 0 59 100
a 101 57 0 71 87
a 109 238 0 30889 161
a 109 158 0 59 81
a 109 90 0 22 185
a 109 27 0 18 106
a 111 189 0 30889 125
a 111 156 0 64 150
a 111 18 0 18 117
a 111 258 0 94 60
a 111 182 0 38 195
a 111 270 0 54 185
a 111 233 0 41 145
a 111 130 0 13 31
a 118 124 0 30889 61
a 118 269 0 74 77
a 118 56 0 94 72
a 118 171 0 99 106
a 118 12 0 92 170
a 118 288 0 82 77
a 124 235 0 30889 70
a 124 143 0 60 109
a 124 13 0 20 180
a 124 163 0 39 22
a 124 226 0 23 68
a 124 261 0 88 129
a 124 140 0 85 68
a 124 246 0 85 42
a 126 94 0 30889 157
a 126 134 0 50 17
a 126 249 0 89 79
a 126 45 0 34 156
a 126 139 0 27 181
a 126 231 0 24 142
a 126 44 0 28 114
a 126 91 0 17 64
a 126 211 0 29 76
a 126 206 0 27 73
a 126 89 0 75 185
a 126 10 0 41 10
a 144 287 0 30889 200
a 144 86 0 81 162
a 144 263 0 76 19
a 144 92 0 19 134
a 144 237 0 31 127
a 144 84 0 48 64
a 144 243 0 54 113
a 144 121 0 55 107
a 144 102 0 67 79
a 144 188 0 55 167
a 183 270 0 30889 25
a 183 219 0 19 16
a 186 101 0 30889 200
a 186 100 0 78 177
a 186 228 0 84 159
a 186 273 0 30 21
a 189 199 0 30889 156
a 189 241 0 75 93
a 192 144 0 30889 97
a 192 291 0 100 33
a 192 137 0 51 199
a 192 72 0 56 58
a 192 143 0 64 194
a 192 209 0 10 100
a 192 229 0 92 153
a 192 159 0 80 183
a 192 244 0 83 200
a 192 38 0 84 172
a 196 251 0 30889 200
a 196 66 0 47 168
a 196 208 0 62 80
a 196 63 0 22 138
a 196 29 0 52 156
a 196 281 0 94 164
a 196 226 0 87 28
a 199 250 0 30889 200
a 199 224 0 58 78
a 199 214 0 32 62
a 199 170 0 42 152
a 199 53 0 20 144
a 199 213 0 78 75
a 213 78 0 30889 200
a 213 164 0 41 103
a 213 143 0 94 140
a 213 271 0 70 31
a 213 24 0 24 64
a 213 13 0 58 121
a 213 72 0 43 54
a 213 61 0 29 74
a 213 40 0 32 116
a 213 74 0 80 29
a 213 70 0 35 140
a 213 178 0 66 85
a 216 288 0 30889 81
a 216 155 0 60 46
a 216 48 0 39 66
a 216 250 0 40 2
a 216 152 0 18 81
a 216 257 0 22 43
a 216 129 0 28 137
a 216 18 0 17 10
a 216 97 0 96 9
a 216 266 0 17 20
a 218 183 0 30889 60
a 218 198 0 83 150
a 218 262 0 90 8
a 218 172 0 56 151
a 218 219 0 95 33
a 235 126 0 30889 200
a 235 192 0 19 30
a 235 252 0 27 71
a 235 80 0 32 47
a 235 175 0 51 52
a 235 224 0 26 79
a 235 46 0 74 198
a 235 130 0 20 109
a 235 50 0 52 178
a 235 286 0 11 190
a 235 39 0 57 121
a 238 111 0 30889 164
a 238 164 0 14 154
a 238 52 0 51 188
a 238 136 0 44 88
a 238 292 0 47 77
a 238 288 0 22 131
a 238 172 0 50 49
a 238 277 0 67 41
a 241 249 0 30889 154
a 241 87 0 16 14
a 241 18 0 93 120
a 241 251 0 42 26
a 241 179 0 84 43
a 248 186 0 30889 63
a 248 261 0 28 23
a 248 258 0 76 37
a 248 128 0 49 46
a 248 228 0 100 40
a 248 124 0 71 130
a 249 79 0 30889 196
a 249 33 0 88 171
a 249 32 0 63 98
a 250 293 0 30889 92
a 250 248 0 30889 200
a 250 43 0 42 83
a 250 234 0 37 90
a 250 22 0 72 10
a 250 170 0 37 151
a 250 68 0 75 44
a 250 136 0 80 84
a 251 75 0 30889 89
a 251 145 0 10 16
a 251 176 0 24 181
a 251 58 0 49 137
a 257 299 0 30889 64
a 257 252 0 20 184
a 257 15 0 96 171
a 257 48 0 14 143
a 257 182 0 73 22
a 257 279 0 39 175
a 257 296 0 31 105
a 257 43 0 36 14
a 270 213 0 30889 200
a 270 154 0 53 92
a 270 258 0 67 77
a 270 212 0 51 85
a 270 96 0 41 33
a 270 42 0 46 89
a 270 129 0 19 154
a 270 122 0 82 40
a 270 164 0 20 38
a 270 253 0 73 177
a 270 226 0 99 170
a 287 257 0 30889 196
a 287 116 0 43 13
a 287 27 0 70 130
a 287 56 0 61 111
a 287 104 0 43 88
a 287 203 0 10 81
a 287 149 0 26 179
a 287 250 0 86 172
a 287 19 0 86 183
a 287 272 0 81 91
a 288 218 0 30889 200
a 288 136 0 16 33
a 288 165 0 86 180
a 288 40 0 53 129
a 2 92 0 12031 200
a 2 74 0 94 41
a 2 233 0 82 21
a 2 109 0 50 42
a 2 162 0 62 25
a 17 225 0 12031 200
a 17 80 0 56 97
a 17 279 0 87 127
a 17 39 0 14 16
a 17 267 0 43 143
a 17 299 0 49 90
a 17 274 0 14 112
a 17 137 0 59 188
a 17 42 0 94 73
a 17 62 0 62 48
a 17 266 0 38 116
a 17 111 0 21 96
a 26 274 0 12031 200
a 26 214 0 25 76
a 26 250 0 16 199
a 26 215 0 20 71
a 46 66 0 12031 200
a 46 149 0 33 76
a 57 193 0 12031 152
a 57 12 0 96 76
a 57 241 0 92 134
a 57 29 0 16 116
a 57 149 0 85 193
a 57 132 0 33 79
a 57 156 0 38 168
a 57 77 0 91 35
a 57 120 0 94 59
a 57 189 0 24 97
a 57 40 0 31 154
a 63 114 0 12031 200
a 63 28 0 32 113
a 63 258 0 78 132
a 63 55 0 55 177
a 63 294 0 68 174
a 63 262 0 14 119
a 63 281 0 41 112
a 63 253 0 47 18
a 63 235 0 50 88
a 63 104 0 99 110
a 63 9 0 80 101
a 66 212 0 12031 149
a 66 128 0 12 172
a 66 216 0 20 49
a 66 283 0 33 28
a 66 52 0 84 45
a 68 262 0 12031 184
a 68 127 0 79 103
a 68 124 0 43 155
a 68 273 0 42 60
a 68 217 0 64 163
a 68 191 0 54 124
a 68 201 0 19 144
a 68 72 0 39 127
a 85 147 0 12031 87
a 85 263 0 86 141
a 85 219 0 79 168
a 85 108 0 93 122
a 85 199 0 25 57
a 85 22 0 77 24
a 85 218 0 13 140
a 85 210 0 48 17
a 90 269 0 12031 116
a 90 82 0 21 170
a 90 113 0 51 5
a 90 178 0 14 26
a 90 264 0 93 145
a 90 249 0 98 42
a 90 143 0 40 187
a 90 122 0 23 75
a 90 276 0 18 130
a 90 194 0 61 149
a 92 227 0 12031 76
a 92 113 0 17 179
a 92 242 0 35 61
a 92 221 0 37 140
a 92 88 0 23 151
a 92 181 0 75 24
a 92 105 0 25 183
a 92 45 0 60 98
a 92 27 0 57 196
a 92 145 0 56 58
a 92 67 0 68 126
a 96 152 0 12031 200
a 96 90 0 97 97
a 96 66 0 63 93
a 96 68 0 43 2
a 96 226 0 19 194
a 96 262 0 49 192
a 96 178 0 89 200
a 96 126 0 30 75
a 96 145 0 55 66
a 114 277 0 12031 117
a 114 117 0 38 197
a 114 293 0 45 168
a 114 165 0 80 18
a 114 142 0 65 5
a 114 19 0 85 104
a 114 252 0 13 117
a 114 273 0 49 15
a 114 106 0 86 53
a 116 143 0 12031 111
a 116 176 0 57 164
a 116 253 0 51 188
a 116 224 0 49 128
a 116 44 0 33 94
a 116 53 0 50 41
a 116 73 0 42 89
a 116 254 0 63 98
a 116 70 0 91 145
a 116 292 0 32 65
a 116 69 0 55 74
a 125 63 0 12031 87
a 125 127 0 50 49
a 125 248 0 20 188
a 125 92 0 55 99
a 132 261 0 12031 43
a 132 136 0 48 4
a 132 36 0 94 78
a 132 248 0 75 106
a 139 214 0 12031 158
a 139 173 0 26 135
a 139 106 0 48 84
a 139 153 0 75 28
a 139 210 0 60 87
a 139 260 0 42 192
a 139 10 0 29 47
a 139 77 0 85 41
a 143 242 0 12031 200
a 143 55 0 78 137
a 143 149 0 84 8
a 143 148 0 72 178
a 145 132 0 12031 168
a 145 61 0 59 43
a 145 186 0 59 38
a 145 95 0 32 196
a 147 116 0 12031 110
a 147 141 0 19 7
a 147 85 0 26 141
a 147 208 0 62 154
a 147 93 0 60 124
a 147 244 0 40 130
a 147 80 0 76 199
a 152 275 0 12031 166
a 152 208 0 45 145
a 152 204 0 85 2
a 152 88 0 65 78
a 152 221 0 54 117
a 152 66 0 12 169
a 152 265 0 31 84
a 152 130 0 87 92
a 152 33 0 51 100
a 152 223 0 70 40
a 162 26 0 12031 200
a 162 240 0 67 142
a 162 248 0 63 187
a 162 39 0 47 69
a 162 281 0 61 158
a 162 91 0 27 61
a 162 87 0 41 40
a 181 267 0 12031 200
a 181 232 0 95 107
a 181 15 0 60 195
a 193 280 0 12031 200
a 193 71 0 61 172
a 193 33 0 53 22
a 193 72 0 99 74
a 193 182 0 100 32
a 193 141 0 11 190
a 193 48 0 75 20
a 193 219 0 94 59
a 193 192 0 70 126
a 193 46 0 46 15
a 193 201 0 87 140
a 195 46 0 12031 187
a 195 260 0 48 146
a 195 299 0 45 158
a 195 123 0 56 143
a 195 143 0 82 175
a 195 192 0 34 115
a 195 67 0 22 114
a 195 239 0 30 6
a 195 41 0 21 180
a 195 242 0 31 196
a 211 294 0 12031 96
a 211 57 0 12031 73
a 211 38 0 96 97
a 212 85 0 12031 200
a 212 170 0 84 39
a 212 88 0 18 60
a 212 177 0 52 132
a 212 226 0 47 47
a 212 227 0 88 92
a 212 108 0 12 118
a 214 145 0 12031 12
a 214 233 0 75 189
a 214 241 0 96 97
a 214 106 0 66 95
a 214 76 0 28 7
a 214 83 0 59 146
a 214 78 0 48 162
a 214 130 0 44 29
a 214 237 0 32 169
a 214 27 0 57 109
a 214 12 0 60 111
a 225 234 0 12031 56
a 225 48 0 84 116
a 225 43 0 95 56
a 225 229 0 36 73
a 225 203 0 71 9
a 225 272 0 95 15
a 225 195 0 31 37
a 225 16 0 15 164
a 227 96 0 12031 200
a 227 122 0 92 34
a 234 246 0 12031 200
a 234 188 0 21 90
a 242 162 0 12031 200
a 242 123 0 22 2
a 242 100 0 97 195
a 242 111 0 23 68
a 244 139 0 12031 200
a 244 17 0 10 122
a 244 276 0 49 126
a 246 195 0 12031 184
a 246 22 0 50 143
a 246 153 0 83 52
a 261 90 0 12031 59
a 261 164 0 54 87
a 261 299 0 24 183
a 261 211 0 30 15
a 261 125 0 93 46
a 261 95 0 59 85
a 261 190 0 46 12
a 262 181 0 12031 2
a 262 270 0 51 63
a 262 103 0 72 200
a 262 287 0 39 192
a 262 257 0 53 51
a 262 183 0 10 145
a 267 297 0 12031 194
a 267 55 0 44 191
a 269 17 0 12031 165
a 269 183 0 39 135
a 269 57 0 50 175
a 274 68 0 12031 26
a 274 149 0 44 12
a 274 57 0 22 29
a 274 38 0 23 180
a 274 282 0 49 18
a 274 265 0 16 58
a 274 190 0 15 89
a 274 291 0 87 152
a 274 88 0 64 152
a 274 92 0 83 175
a 275 125 0 12031 79
a 275 107 0 47 145
a 275 91 0 13 200
a 275 74 0 78 193
a 275 133 0 38 9
a 275 113 0 80 122
a 277 211 0 12031 200
a 277 244 0 45 161
a 280 244 0 12031 78
a 280 118 0 91 137
a 280 103 0 85 156
a 280 130 0 94 10
a 280 176 0 94 183
a 280 145 0 36 24
a 3 112 0 14326 99
a 3 226 0 71 11
a 3 37 0 18 93
a 3 128 0 69 20
a 3 31 0 24 22
a 11 100 0 14326 200
a 11 120 0 30 47
a 11 136 0 40 194
a 11 220 0 25 181
a 11 298 0 24 141
a 14 271 0 14326 91
a 14 141 0 77 78
a 14 229 0 28 33
a 14 106 0 63 126
a 14 218 0 87 45
a 14 10 0 88 24
a 14 9 0 87 107
a 14 167 0 46 60
a 14 272 0 77 166
a 14 88 0 94 90
a 15 43 0 14326 200
a 15 297 0 94 100
a 15 170 0 42 57
a 15 296 0 85 65
a 15 32 0 27 111
a 15 114 0 59 139
a 15 152 0 57 70
a 15 125 0 35 190
a 15 37 0 83 157
a 15 126 0 50 54
a 15 280 0 66 145
a 19 117 0 14326 114
a 19 218 0 12 195
a 19 156 0 86 151
a 19 285 0 81 156
a 22 292 0 14326 115
a 22 19 0 47 21
a 22 163 0 40 74
a 22 207 0 10 34
a 22 200 0 87 70
a 22 226 0 52 5
a 22 17 0 80 78
a 22 223 0 61 14
a 22 42 0 77 63
a 30 15 0 14326 161
a 30 163 0 74 141
a 30 233 0 58 46
a 30 191 0 77 23
a 30 208 0 95 130
a 30 85 0 16 3
a 30 112 0 56 99
a 30 180 0 52 134
a 30 105 0 16 156
a 30 148 0 93 165
a 37 11 0 14326 25
a 37 211 0 100 118
a 37 216 0 64 59
a 37 182 0 95 118
a 37 132 0 18 58
a 37 212 0 80 11
a 37 284 0 63 149
a 37 53 0 23 14
a 38 273 0 14326 4
a 38 34 0 56 57
a 38 202 0 90 89
a 38 236 0 84 35
a 38 245 0 86 152
a 38 17 0 74 70
a 38 104 0 73 167
a 38 103 0 37 28
a 38 131 0 70 6
a 38 145 0 55 189
a 38 120 0 19 175
a 38 134 0 81 78
a 43 221 0 14326 200
a 43 116 0 99 186
a 49 67 0 14326 11
a 49 154 0 12 104
a 49 300 0 18 175
a 49 189 0 52 155
a 49 112 0 38 150
a 49 31 0 100 72
a 49 287 0 16 69
a 49 286 0 10 95
a 49 209 0 41 126
a 49 281 0 84 77
a 49 214 0 21 113
a 49 230 0 81 147
a 60 110 0 14326 107
a 60 151 0 70 141
a 60 256 0 29 49
a 60 238 0 36 36
a 60 195 0 25 134
a 60 249 0 13 95
a 67 170 0 14326 200
a 67 220 0 73 178
a 67 246 0 64 147
a 67 128 0 36 124
a 67 20 0 55 23
a 67 172 0 24 182
a 67 222 0 20 192
a 70 233 0 14326 200
a 70 124 0 80 138
a 70 257 0 41 48
a 70 159 0 86 200
a 70 104 0 84 56
a 70 99 0 35 179
a 70 81 0 94 130
a 70 298 0 49 48
a 70 183 0 83 141
a 70 172 0 51 104
a 70 147 0 61 23
a 80 49 0 14326 200
a 80 32 0 70 163
a 82 19 0 14326 113
a 82 128 0 60 37
a 82 273 0 67 19
a 82 155 0 30 168
a 82 237 0 71 61
a 82 200 0 78 129
a 82 156 0 45 15
a 82 73 0 37 131
a 82 219 0 97 47
a 83 142 0 14326 16
a 83 234 0 100 141
a 83 217 0 49 74
a 83 82 0 17 112
a 83 300 0 96 6
a 86 254 0 14326 64
a 86 20 0 84 159
a 88 86 0 14326 200
a 88 34 0 47 43
a 88 168 0 100 117
a 88 125 0 51 140
a 88 179 0 14 34
a 88 188 0 49 135
a 88 11 0 61 183
a 88 167 0 16 95
a 88 53 0 31 15
a 88 92 0 87 24
a 98 60 0 14326 14
a 98 144 0 10 83
a 98 71 0 61 49
a 98 141 0 44 143
a 98 185 0 77 9
a 98 129 0 63 126
a 100 157 0 14326 99
a 100 300 0 14326 200
a 100 110 0 71 63
a 108 14 0 14326 200
a 108 128 0 28 26
a 110 108 0 14326 20
a 110 241 0 37 89
a 110 72 0 40 48
a 110 13 0 57 113
a 110 187 0 41 45
a 110 188 0 71 16
a 110 287 0 97 79
a 110 226 0 93 160
a 110 143 0 21 167
a 112 146 0 14326 200
a 112 214 0 92 114
a 112 180 0 29 83
a 112 282 0 57 38
a 112 127 0 29 134
a 112 14 0 29 111
a 112 204 0 34 75
a 112 32 0 17 18
a 112 267 0 11 101
a 112 226 0 32 112
a 112 283 0 27 21
a 112 273 0 17 23
a 115 98 0 14326 14
a 115 217 0 59 142
a 115 120 0 15 131
a 115 296 0 17 143
a 115 178 0 41 178
a 115 188 0 65 128
a 117 83 0 14326 180
a 117 245 0 87 84
a 117 127 0 44 172
a 117 79 0 25 73
a 120 137 0 14326 65
a 120 187 0 13 128
a 120 177 0 47 63
a 120 263 0 94 19
a 120 262 0 92 149
a 120 99 0 49 122
a 120 162 0 47 65
a 137 82 0 14326 151
a 137 274 0 80 97
a 137 237 0 19 96
a 137 141 0 19 144
a 142 38 0 14326 136
a 142 219 0 60 117
a 142 292 0 43 41
a 142 21 0 15 87
a 146 37 0 14326 200
a 146 106 0 12 177
a 146 124 0 97 97
a 149 30 0 14326 200
a 149 255 0 14 5
a 149 58 0 16 155
a 149 132 0 13 186
a 149 72 0 13 124
a 149 230 0 43 32
a 149 245 0 85 124
a 149 280 0 62 31
a 149 112 0 60 96
a 149 50 0 31 25
a 157 80 0 14326 200
a 157 257 0 91 147
a 157 83 0 22 37
a 157 214 0 12 187
a 157 178 0 49 104
a 157 138 0 73 11
a 157 17 0 51 131
a 157 261 0 47 154
a 157 216 0 76 63
a 157 94 0 83 72
a 157 26 0 56 54
a 157 227 0 51 125
a 170 115 0 14326 11
a 170 107 0 83 119
a 170 213 0 87 108
a 170 293 0 41 98
a 170 147 0 83 133
a 170 154 0 54 200
a 170 205 0 18 63
a 170 184 0 46 51
a 170 68 0 20 83
a 202 149 0 14326 12
a 202 232 0 69 40
a 202 206 0 51 27
a 202 18 0 61 194
a 202 235 0 85 41
a 202 16 0 25 154
a 202 266 0 94 77
a 202 198 0 87 56
a 221 22 0 14326 200
a 221 123 0 82 48
a 221 77 0 40 154
a 221 294 0 10 5
a 221 173 0 50 58
a 221 194 0 20 22
a 221 121 0 26 51
a 233 88 0 14326 200
a 233 186 0 52 4
a 233 244 0 33 65
a 254 120 0 14326 22
a 254 235 0 86 39
a 254 25 0 98 105
a 254 186 0 14 171
a 254 270 0 59 10
a 254 196 0 39 150
a 254 30 0 87 90
a 254 183 0 36 134
a 254 97 0 90 41
a 254 240 0 100 181
a 254 105 0 60 114
a 271 70 0 14326 195
a 271 238 0 12 120
a 271 297 0 88 160
a 271 29 0 14 19
a 271 172 0 88 85
a 271 216 0 46 75
a 271 117 0 49 40
a 271 292 0 22 183
a 273 202 0 14326 200
a 273 104 0 99 172
a 273 130 0 11 47
a 273 295 0 49 92
a 273 218 0 29 132
a 273 68 0 18 103
a 4 72 0 1728 200
a 4 15 0 86 126
a 4 123 0 79 5
a 4 20 0 65 94
a 4 278 0 93 185
a 4 18 0 18 124
a 4 149 0 81 64
a 13 220 0 1728 200
a 13 63 0 63 72
a 13 27 0 76 95
a 13 194 0 85 169
a 13 179 0 76 7
a 13 255 0 24 92
a 13 24 0 62 110
a 13 180 0 17 132
a 13 123 0 63 15
a 13 45 0 91 78
a 13 34 0 44 42
a 13 251 0 77 182
a 27 160 0 1728 102
a 27 281 0 66 161
a 27 286 0 34 197
a 27 26 0 19 29
a 27 190 0 23 86
a 27 77 0 92 74
a 27 60 0 21 130
a 27 83 0 94 46
a 27 227 0 21 187
a 27 230 0 75 150
a 27 75 0 55 21
a 32 150 0 1728 115
a 32 221 0 40 98
a 32 103 0 78 30
a 32 69 0 74 45
a 32 290 0 56 18
a 32 165 0 25 31
a 32 82 0 11 42
a 32 244 0 81 35
a 32 297 0 82 85
a 32 45 0 81 15
a 32 205 0 14 91
a 32 175 0 55 106
a 35 219 0 1728 7
a 35 21 0 21 183
a 35 82 0 71 197
a 35 300 0 100 174
a 35 63 0 23 70
a 35 38 0 72 11
a 35 44 0 35 75
a 35 48 0 12 132
a 35 297 0 36 152
a 35 62 0 91 45
a 35 289 0 38 156
a 35 182 0 57 136
a 40 266 0 1728 200
a 40 180 0 68 123
a 40 164 0 94 111
a 40 242 0 36 186
a 40 121 0 26 41
a 40 123 0 66 187
a 40 10 0 73 26
a 40 68 0 89 67
a 40 88 0 51 138
a 42 87 0 1728 200
a 42 50 0 63 110
a 42 148 0 83 20
a 42 73 0 70 44
a 42 36 0 93 93
a 42 253 0 22 2
a 42 247 0 68 100
a 42 280 0 23 78
a 56 164 0 1728 200
a 56 9 0 68 119
a 56 300 0 34 170
a 56 114 0 14 118
a 56 145 0 11 93
a 56 203 0 35 4
a 56 144 0 89 51
a 56 193 0 69 38
a 72 40 0 1728 200
a 72 271 0 13 46
a 72 193 0 28 114
a 72 20 0 81 20
a 72 135 0 14 117
a 72 80 0 73 15
a 72 53 0 90 37
a 72 258 0 92 177
a 84 294 0 1728 72
a 84 136 0 1728 200
a 84 188 0 70 187
a 87 168 0 1728 200
a 87 75 0 47 63
a 91 106 0 1728 200
a 91 13 0 53 67
a 91 203 0 38 181
a 91 288 0 63 65
a 91 143 0 86 132
a 91 146 0 34 70
a 91 9 0 92 18
a 91 278 0 28 64
a 91 157 0 31 23
a 91 128 0 92 145
a 91 15 0 88 76
a 91 215 0 44 117
a 106 163 0 1728 200
a 106 98 0 31 3
a 106 190 0 36 154
a 106 285 0 85 184
a 106 38 0 19 113
a 136 32 0 1728 200
a 136 38 0 38 151
a 136 106 0 18 35
a 136 128 0 65 137
a 136 35 0 81 162
a 136 205 0 17 63
a 136 285 0 60 34
a 150 203 0 1728 166
a 150 300 0 37 139
a 150 80 0 93 138
a 150 36 0 11 109
a 150 211 0 34 5
a 160 282 0 1728 200
a 160 12 0 70 156
a 161 200 0 1728 200
a 161 172 0 98 86
a 161 154 0 37 80
a 161 209 0 63 47
a 161 44 0 18 109
a 161 120 0 16 70
a 161 293 0 10 194
a 163 42 0 1728 160
a 163 132 0 37 132
a 163 170 0 89 130
a 163 94 0 76 96
a 163 265 0 73 71
a 164 84 0 1728 200
a 164 121 0 25 165
a 164 295 0 12 181
a 164 163 0 12 75
a 164 79 0 16 13
a 164 193 0 34 18
a 164 225 0 55 7
a 164 64 0 73 133
a 164 232 0 35 137
a 164 258 0 63 124
a 164 231 0 77 186
a 168 27 0 1728 99
a 168 83 0 75 116
a 168 135 0 28 125
a 168 101 0 17 52
a 168 191 0 66 191
a 168 91 0 83 185
a 168 292 0 33 24
a 168 55 0 96 141
a 168 68 0 33 75
a 168 273 0 43 40
a 184 13 0 1728 67
a 184 54 0 94 49
a 184 281 0 59 119
a 184 264 0 35 22
a 200 35 0 1728 200
a 200 222 0 36 160
a 200 112 0 45 83
a 203 298 0 1728 200
a 203 88 0 82 33
a 203 274 0 27 95
a 203 138 0 98 33
a 203 222 0 78 161
a 203 282 0 58 99
a 203 21 0 31 59
a 203 91 0 98 185
a 203 19 0 52 112
a 203 281 0 33 75
a 210 161 0 1728 200
a 210 300 0 79 134
a 210 107 0 53 185
a 210 246 0 33 81
a 210 36 0 80 67
a 210 218 0 74 126
a 210 270 0 62 12
a 210 201 0 85 65
a 219 91 0 1728 200
a 219 27 0 51 54
a 219 36 0 58 60
a 219 39 0 92 20
a 219 235 0 91 60
a 219 11 0 41 150
a 219 185 0 32 73
a 219 197 0 76 158
a 219 48 0 61 47
a 220 210 0 1728 200
a 220 64 0 52 37
a 220 194 0 23 50
a 220 149 0 69 127
a 220 10 0 66 99
a 220 264 0 60 82
a 220 290 0 86 30
a 239 56 0 1728 200
a 239 126 0 39 186
a 239 257 0 97 179
a 239 86 0 25 15
a 239 225 0 31 68
a 239 166 0 17 79
a 239 57 0 26 22
a 239 196 0 46 88
a 239 98 0 31 108
a 239 28 0 64 55
a 239 76 0 45 87
a 239 294 0 31 51
a 266 184 0 1728 200
a 266 281 0 70 80
a 266 15 0 66 103
a 266 207 0 88 78
a 266 206 0 84 121
a 266 283 0 62 179
a 266 294 0 74 165
a 266 132 0 62 133
a 266 48 0 81 20
a 266 17 0 48 162
a 266 61 0 63 33
a 282 239 0 1728 187
a 282 160 0 73 11
a 282 10 0 12 45
a 282 74 0 82 58
a 282 223 0 13 198
a 282 9 0 96 182
a 282 188 0 90 61
a 282 147 0 93 35
a 282 179 0 39 79
a 282 200 0 69 92
a 282 267 0 31 26
a 282 34 0 65 108
a 5 185 0 10202 22
a 5 47 0 22 52
a 5 139 0 76 20
a 5 211 0 41 85
a 5 175 0 62 21
a 5 138 0 28 28
a 5 190 0 65 151
a 5 193 0 46 105
a 5 218 0 63 4
a 5 74 0 21 29
a 9 156 0 10202 200
a 9 279 0 69 142
a 9 76 0 85 5
a 9 245 0 65 143
a 9 142 0 42 79
a 9 185 0 78 11
a 9 270 0 59 189
a 9 255 0 43 174
a 9 296 0 69 107
a 9 39 0 54 101
a 9 159 0 35 155
a 9 191 0 43 103
a 12 104 0 10202 200
a 12 224 0 38 122
a 29 228 0 10202 200
a 29 113 0 12 11
a 29 86 0 20 24
a 29 72 0 57 141
a 29 135 0 67 142
a 29 198 0 43 108
a 29 291 0 53 4
a 29 249 0 93 132
a 29 73 0 90 99
a 29 200 0 28 164
a 33 121 0 10202 114
a 33 99 0 19 46
a 33 144 0 71 54
a 33 252 0 70 27
a 33 156 0 60 50
a 33 223 0 17 178
a 33 47 0 77 109
a 33 255 0 52 41
a 39 135 0 10202 200
a 39 168 0 83 19
a 39 214 0 80 170
a 39 132 0 37 60
a 50 169 0 10202 109
a 50 229 0 72 193
a 50 294 0 74 72
a 50 236 0 23 63
a 50 29 0 47 162
a 50 130 0 27 94
a 50 176 0 49 200
a 50 252 0 94 38
a 50 206 0 73 170
a 50 300 0 79 197
a 50 133 0 59 141
a 50 100 0 36 162
a 64 175 0 10202 142
a 64 142 0 50 81
a 64 79 0 14 67
a 65 255 0 10202 200
a 65 56 0 40 20
a 65 19 0 30 157
a 65 227 0 64 27
a 65 186 0 18 122
a 65 156 0 77 2
a 65 51 0 42 111
a 65 36 0 56 179
a 65 104 0 98 200
a 71 281 0 10202 200
a 71 182 0 20 48
a 71 165 0 29 56
a 74 229 0 10202 200
a 74 170 0 27 175
a 74 191 0 21 104
a 74 68 0 100 4
a 74 188 0 95 42
a 74 148 0 69 26
a 102 236 0 10202 200
a 102 235 0 22 192
a 102 300 0 75 175
a 102 62 0 33 67
a 104 172 0 10202 200
a 104 235 0 19 112
a 104 294 0 50 20
a 104 124 0 64 158
a 104 108 0 43 61
a 104 107 0 98 4
a 113 138 0 10202 200
a 113 43 0 74 75
a 113 243 0 18 190
a 113 66 0 13 161
a 113 126 0 89 90
a 121 64 0 10202 200
a 121 17 0 53 65
a 121 95 0 73 198
a 121 174 0 35 32
a 121 129 0 61 83
a 121 189 0 75 38
a 121 233 0 33 85
a 121 119 0 58 63
a 121 163 0 67 33
a 121 191 0 57 91
a 121 131 0 40 128
a 130 141 0 10202 200
a 130 240 0 57 66
a 135 29 0 10202 177
a 135 296 0 10202 200
a 135 148 0 57 39
a 135 179 0 17 176
a 135 109 0 72 190
a 135 231 0 66 61
a 135 215 0 65 72
a 135 86 0 69 164
a 135 19 0 39 6
a 135 253 0 52 101
a 135 49 0 84 108
a 135 10 0 98 109
a 135 242 0 46 180
a 138 188 0 10202 20
a 138 10 0 32 112
a 138 66 0 84 187
a 138 268 0 83 25
a 138 107 0 11 28
a 138 136 0 92 58
a 138 59 0 85 12
a 141 272 0 10202 54
a 141 179 0 46 186
a 156 33 0 10202 200
a 156 261 0 93 10
a 156 159 0 57 141
a 156 70 0 43 102
a 169 295 0 10202 170
a 169 19 0 58 96
a 169 241 0 95 85
a 169 186 0 68 193
a 169 296 0 90 177
a 169 70 0 60 109
a 169 284 0 49 76
a 169 131 0 90 28
a 169 152 0 92 165
a 169 93 0 26 147
a 169 208 0 79 103
a 169 58 0 10 87
a 172 113 0 10202 4
a 172 151 0 19 115
a 172 21 0 99 48
a 172 242 0 87 96
a 172 164 0 51 120
a 172 238 0 68 44
a 172 41 0 34 188
a 172 19 0 44 143
a 172 156 0 93 70
a 172 76 0 45 195
a 172 89 0 91 164
a 172 36 0 81 97
a 175 259 0 10202 200
a 175 196 0 21 81
a 175 217 0 19 134
a 175 63 0 90 85
a 175 291 0 94 111
a 175 228 0 61 38
a 175 253 0 38 57
a 175 143 0 18 145
a 175 145 0 71 73
a 185 198 0 10202 87
a 185 48 0 48 100
a 188 9 0 10202 84
a 188 296 0 50 175
a 188 209 0 19 200
a 188 282 0 91 170
a 188 167 0 68 92
a 188 125 0 81 94
a 188 140 0 84 129
a 188 233 0 42 101
a 188 109 0 92 139
a 188 300 0 54 30
a 198 39 0 10202 200
a 198 262 0 61 143
a 198 85 0 70 105
a 198 102 0 75 163
a 198 103 0 43 60
a 198 167 0 40 198
a 198 101 0 11 55
a 198 40 0 53 80
a 208 65 0 10202 200
a 208 287 0 52 178
a 208 188 0 77 44
a 208 109 0 31 151
a 208 289 0 28 38
a 228 102 0 10202 200
a 228 81 0 79 191
a 228 280 0 57 64
a 228 114 0 47 84
a 228 217 0 100 168
a 228 49 0 27 178
a 228 28 0 85 152
a 228 180 0 15 27
a 228 238 0 98 74
a 228 256 0 71 182
a 228 183 0 31 200
a 228 128 0 41 26
a 229 50 0 10202 5
a 229 183 0 85 119
a 229 207 0 62 45
a 229 135 0 81 160
a 229 293 0 88 186
a 229 231 0 11 169
a 229 189 0 35 90
a 229 115 0 52 104
a 229 266 0 34 183
a 229 270 0 20 75
a 236 12 0 10202 200
a 236 78 0 64 165
a 236 101 0 61 31
a 236 227 0 99 186
a 236 41 0 13 14
a 236 264 0 60 111
a 236 262 0 88 11
a 236 152 0 40 32
a 255 71 0 10202 200
a 255 147 0 51 184
a 255 60 0 31 6
a 255 108 0 94 17
a 255 99 0 29 27
a 255 169 0 93 85
a 255 297 0 73 124
a 255 213 0 13 6
a 259 208 0 10202 200
a 259 33 0 70 125
a 259 113 0 13 135
a 259 275 0 90 152
a 259 182 0 55 64
a 259 72 0 89 157
a 259 213 0 15 12
a 259 174 0 62 40
a 259 270 0 22 192
a 259 70 0 52 64
a 259 278 0 66 172
a 272 74 0 10202 25
a 272 128 0 13 156
a 272 113 0 13 99
a 272 58 0 87 62
a 281 130 0 10202 78
a 281 106 0 65 191
a 281 69 0 88 192
a 281 166 0 45 149
a 281 78 0 27 197
a 6 286 0 28272 47
a 6 128 0 26 60
a 6 119 0 37 93
a 6 235 0 58 140
a 6 268 0 57 171
a 6 44 0 37 73
a 6 135 0 68 73
a 6 40 0 88 96
a 6 208 0 20 151
a 6 296 0 46 180
a 23 89 0 28272 200
a 23 284 0 99 89
a 23 52 0 39 125
a 23 21 0 86 189
a 23 152 0 96 126
a 23 236 0 76 78
a 23 242 0 52 12
a 23 182 0 54 115
a 23 281 0 86 128
a 24 278 0 28272 177
a 24 50 0 47 150
a 24 136 0 17 105
a 24 103 0 42 198
a 24 36 0 59 137
a 54 182 0 28272 200
a 54 53 0 51 85
a 54 163 0 36 101
a 54 245 0 28 89
a 54 211 0 28 5
a 54 288 0 88 54
a 54 43 0 60 188
a 54 99 0 54 40
a 54 181 0 38 136
a 54 125 0 95 7
a 54 235 0 61 137
a 73 179 0 28272 200
a 73 241 0 87 168
a 73 255 0 49 199
a 73 59 0 25 103
a 73 10 0 76 29
a 73 246 0 28 195
a 73 156 0 57 8
a 73 102 0 49 177
a 77 73 0 28272 172
a 77 230 0 44 86
a 77 107 0 71 132
a 77 11 0 62 123
a 77 223 0 31 86
a 77 155 0 80 20
a 77 216 0 84 92
a 77 126 0 32 69
a 77 104 0 44 110
a 89 293 0 28272 200
a 89 176 0 28272 200
a 89 126 0 73 108
a 89 220 0 21 12
a 89 219 0 40 167
a 95 187 0 28272 157
a 95 131 0 19 14
a 95 86 0 23 99
a 95 67 0 46 93
a 95 225 0 76 93
a 95 230 0 14 190
a 95 42 0 84 187
a 95 181 0 61 100
a 95 36 0 11 161
a 107 194 0 28272 200
a 107 208 0 97 98
a 107 182 0 59 136
a 107 198 0 82 133
a 107 177 0 94 182
a 107 211 0 61 61
a 107 53 0 30 119
a 119 197 0 28272 200
a 119 173 0 53 33
a 119 128 0 100 46
a 119 78 0 68 147
a 119 211 0 42 66
a 119 218 0 90 42
a 119 288 0 55 36
a 119 114 0 42 24
a 119 287 0 23 42
a 131 134 0 28272 200
a 131 279 0 34 168
a 131 169 0 80 142
a 131 189 0 15 34
a 134 24 0 28272 200
a 134 168 0 83 174
a 134 201 0 75 176
a 134 227 0 80 179
a 134 181 0 40 113
a 134 233 0 55 54
a 134 269 0 97 161
a 134 290 0 16 41
a 134 18 0 96 66
a 134 288 0 50 87
a 134 230 0 21 86
a 167 95 0 28272 200
a 167 73 0 73 26
a 167 202 0 29 170
a 171 284 0 28272 148
a 171 143 0 36 100
a 171 135 0 69 2
a 171 157 0 55 167
a 171 295 0 51 14
a 176 258 0 28272 185
a 176 144 0 38 55
a 176 179 0 63 48
a 176 225 0 32 103
a 178 107 0 28272 3
a 178 47 0 84 182
a 178 230 0 32 46
a 178 113 0 40 141
a 178 192 0 43 135
a 179 23 0 28272 200
a 179 238 0 78 16
a 179 124 0 86 163
a 179 276 0 88 33
a 179 15 0 66 133
a 179 178 0 67 174
a 182 119 0 28272 200
a 182 75 0 87 155
a 182 20 0 36 112
a 182 108 0 36 199
a 182 127 0 73 31
a 182 203 0 95 37
a 182 173 0 15 30
a 187 207 0 28272 200
a 187 29 0 69 34
a 194 167 0 28272 200
a 194 119 0 23 28
a 194 35 0 36 162
a 194 105 0 46 109
a 194 270 0 99 103
a 194 282 0 23 196
a 194 162 0 74 116
a 194 190 0 51 110
a 194 74 0 84 63
a 194 157 0 72 136
a 197 291 0 28272 200
a 197 172 0 89 173
a 197 243 0 88 5
a 197 206 0 24 106
a 197 272 0 36 179
a 197 25 0 63 147
a 197 19 0 51 72
a 201 178 0 28272 200
a 201 101 0 58 23
a 201 161 0 17 16
a 201 126 0 27 132
a 201 279 0 20 12
a 201 97 0 57 108
a 201 89 0 97 132
a 201 233 0 51 139
a 207 222 0 28272 200
a 207 283 0 67 26
a 207 64 0 72 31
a 207 134 0 89 121
a 207 91 0 41 41
a 207 186 0 43 161
a 207 210 0 66 79
a 207 193 0 73 9
a 207 227 0 75 177
a 207 156 0 97 44
a 222 131 0 28272 84
a 222 253 0 66 37
a 222 268 0 98 190
a 232 201 0 28272 200
a 232 197 0 73 111
a 232 260 0 28 20
a 232 140 0 33 18
a 232 69 0 28 174
a 232 187 0 47 108
a 232 279 0 26 56
a 232 282 0 48 93
a 232 283 0 67 149
a 258 171 0 28272 200
a 258 298 0 78 9
a 258 110 0 54 83
a 260 295 0 28272 200
a 260 237 0 69 141
a 260 211 0 14 107
a 260 129 0 46 54
a 260 21 0 33 83
a 260 173 0 50 87
a 263 232 0 28272 12
a 263 279 0 10 153
a 263 186 0 33 123
a 263 172 0 73 95
a 263 100 0 83 100
a 278 77 0 28272 136
a 278 125 0 93 182
a 278 157 0 17 54
a 278 140 0 14 34
a 278 183 0 45 81
a 284 260 0 28272 57
a 284 11 0 70 140
a 284 254 0 30 58
a 284 40 0 20 41
a 284 35 0 94 147
a 284 66 0 88 165
a 284 49 0 60 34
a 284 266 0 97 123
a 284 212 0 38 108
a 284 182 0 54 18
a 286 54 0 28272 111
a 286 293 0 100 137
a 286 127 0 25 30
a 286 48 0 56 76
a 291 263 0 28272 149
a 291 280 0 35 50
a 291 283 0 68 89
a 291 61 0 36 30
a 291 272 0 57 194
a 291 264 0 91 120
a 291 51 0 54 195
a 7 28 0 6505 200
a 7 134 0 13 161
a 7 240 0 78 36
a 7 169 0 95 106
a 18 76 0 6505 115
a 18 270 0 22 169
a 18 155 0 97 103
a 18 11 0 100 43
a 18 299 0 76 64
a 18 260 0 79 172
a 18 59 0 92 136
a 18 269 0 15 165
a 28 290 0 6505 200
a 28 10 0 24 36
a 28 192 0 21 71
a 28 60 0 38 72
a 28 275 0 58 105
a 28 46 0 93 195
a 28 133 0 68 96
a 34 122 0 6505 192
a 34 192 0 97 151
a 34 289 0 37 157
a 34 193 0 85 61
a 34 224 0 38 193
a 34 179 0 94 134
a 34 294 0 54 179
a 34 85 0 40 52
a 34 233 0 82 5
a 34 51 0 60 18
a 36 240 0 6505 109
a 36 66 0 94 165
a 36 152 0 77 92
a 36 277 0 54 170
a 36 131 0 91 87
a 36 20 0 91 70
a 36 250 0 22 49
a 36 295 0 61 6
a 36 92 0 50 192
a 36 217 0 83 59
a 41 133 0 6505 200
a 41 65 0 64 74
a 41 198 0 86 181
a 41 216 0 46 26
a 41 49 0 87 81
a 41 21 0 68 29
a 41 156 0 27 199
a 41 55 0 88 118
a 44 217 0 6505 200
a 44 114 0 25 108
a 44 187 0 22 33
a 44 181 0 57 55
a 44 298 0 33 97
a 44 283 0 86 57
a 44 237 0 69 31
a 44 69 0 72 169
a 51 245 0 6505 200
a 51 123 0 85 182
a 51 171 0 55 123
a 51 190 0 72 31
a 51 128 0 86 188
a 51 30 0 48 148
a 51 86 0 94 43
a 51 135 0 12 52
a 51 287 0 88 178
a 51 9 0 89 148
a 52 105 0 6505 42
a 52 245 0 67 27
a 53 34 0 6505 200
a 53 264 0 38 167
a 53 73 0 57 181
a 53 242 0 70 93
a 53 74 0 50 153
a 53 65 0 46 52
a 58 41 0 6505 200
a 58 82 0 57 178
a 58 62 0 95 59
a 58 36 0 76 87
a 58 126 0 35 39
a 58 288 0 28 70
a 58 70 0 29 122
a 61 58 0 6505 20
a 61 91 0 65 166
a 61 288 0 65 18
a 61 68 0 18 63
a 61 10 0 88 116
a 61 107 0 92 190
a 61 263 0 13 46
a 61 119 0 82 198
a 61 110 0 69 148
a 62 268 0 6505 200
a 62 83 0 42 146
a 76 99 0 6505 200
a 76 227 0 81 148
a 76 212 0 52 108
a 81 298 0 6505 200
a 81 202 0 20 119
a 81 100 0 31 63
a 81 94 0 58 197
a 81 249 0 43 59
a 81 187 0 72 133
a 81 237 0 44 54
a 81 63 0 82 116
a 97 177 0 6505 200
a 97 268 0 26 52
a 97 155 0 93 133
a 97 190 0 16 99
a 99 140 0 6505 200
a 99 163 0 83 57
a 99 189 0 21 18
a 99 67 0 13 68
a 99 222 0 28 43
a 99 194 0 12 174
a 99 224 0 45 25
a 99 100 0 44 159
a 99 138 0 90 144
a 99 59 0 59 128
a 99 12 0 55 40
a 105 165 0 6505 200
a 105 281 0 71 189
a 122 62 0 6505 200
a 122 67 0 70 143
a 122 18 0 21 103
a 122 114 0 25 101
a 122 287 0 92 52
a 122 9 0 86 86
a 122 54 0 43 131
a 128 283 0 6505 200
a 128 23 0 46 180
a 128 92 0 34 138
a 128 214 0 100 189
a 128 300 0 27 169
a 128 16 0 84 138
a 133 247 0 6505 49
a 133 57 0 94 82
a 133 166 0 27 19
a 133 243 0 65 181
a 133 9 0 73 110
a 140 128 0 6505 104
a 140 179 0 15 69
a 140 33 0 29 115
a 148 81 0 6505 200
a 148 133 0 52 132
a 148 210 0 88 49
a 148 52 0 97 168
a 148 72 0 29 38
a 148 194 0 96 39
a 148 44 0 98 104
a 158 166 0 6505 200
a 158 160 0 85 99
a 158 76 0 85 73
a 158 253 0 91 112
a 165 53 0 6505 200
a 165 36 0 67 29
a 165 19 0 26 171
a 165 92 0 77 181
a 165 196 0 68 120
a 165 222 0 71 20
a 165 240 0 94 52
a 165 41 0 70 80
a 165 65 0 96 159
a 166 97 0 6505 96
a 166 101 0 55 193
a 166 116 0 33 33
a 166 258 0 70 197
a 166 283 0 12 39
a 166 114 0 75 187
a 166 178 0 98 143
a 166 73 0 74 67
a 166 182 0 69 125
a 166 41 0 96 78
a 177 36 0 6505 200
a 177 86 0 45 65
a 177 216 0 77 59
a 177 277 0 14 76
a 177 160 0 68 59
a 177 121 0 89 14
a 217 226 0 6505 200
a 217 32 0 65 42
a 217 235 0 85 189
a 217 232 0 75 15
a 217 30 0 61 173
a 217 28 0 78 90
a 217 151 0 52 18
a 217 287 0 60 169
a 217 254 0 62 167
a 217 75 0 28 11
a 226 230 0 6505 200
a 226 300 0 6505 144
a 226 236 0 90 67
a 226 239 0 16 196
a 226 197 0 69 156
a 226 188 0 61 118
a 226 12 0 99 51
a 226 26 0 82 157
a 226 97 0 15 16
a 226 81 0 58 36
a 230 61 0 6505 128
a 230 16 0 47 112
a 230 37 0 65 166
a 230 291 0 16 141
a 240 52 0 6505 7
a 240 160 0 99 94
a 240 18 0 29 86
a 240 190 0 29 147
a 245 44 0 6505 200
a 245 281 0 57 29
a 245 68 0 98 90
a 245 197 0 63 184
a 245 57 0 77 2
a 247 18 0 6505 70
a 247 153 0 60 133
a 247 271 0 63 98
a 247 261 0 44 120
a 247 57 0 28 114
a 247 68 0 18 32
a 247 256 0 40 166
a 247 35 0 20 44
a 247 94 0 11 125
a 264 148 0 6505 104
a 264 200 0 50 189
a 268 51 0 6505 200
a 268 80 0 76 36
a 268 218 0 35 190
a 268 79 0 39 124
a 268 105 0 42 148
a 268 48 0 27 126
a 268 24 0 97 187
a 268 29 0 56 187
a 283 264 0 6505 20
a 283 198 0 48 80
a 283 182 0 15 195
a 283 291 0 54 145
a 283 50 0 37 99
a 283 186 0 37 191
a 290 158 0 6505 25
a 290 278 0 28 158
a 290 170 0 78 59
a 290 19 0 97 49
a 290 123 0 73 38
a 290 147 0 17 79
a 290 136 0 66 120
a 290 107 0 92 130
a 290 80 0 58 6
a 290 291 0 100 148
a 290 69 0 30 139
a 8 159 0 16047 180
a 8 228 0 36 171
a 10 190 0 16047 68
a 10 13 0 79 122
a 10 184 0 99 185
a 10 211 0 35 104
a 10 276 0 93 95
a 10 139 0 61 107
a 10 86 0 86 74
a 16 289 0 16047 200
a 16 175 0 94 16
a 20 93 0 16047 200
a 20 196 0 43 130
a 21 59 0 16047 200
a 21 278 0 59 109
a 21 55 0 78 85
a 21 133 0 69 83
a 21 63 0 78 121
a 25 252 0 16047 57
a 25 250 0 51 166
a 25 17 0 43 168
a 25 152 0 67 194
a 25 56 0 11 45
a 25 267 0 97 76
a 25 83 0 47 98
a 25 77 0 100 92
a 31 204 0 16047 4
a 31 264 0 20 154
a 31 41 0 29 129
a 31 298 0 41 128
a 45 153 0 16047 76
a 45 137 0 37 90
a 45 271 0 54 26
a 45 85 0 46 115
a 45 285 0 37 162
a 45 168 0 58 56
a 45 253 0 21 198
a 45 232 0 17 49
a 45 20 0 86 134
a 45 290 0 91 70
a 47 10 0 16047 200
a 47 37 0 40 125
a 47 271 0 87 162
a 47 81 0 34 102
a 47 270 0 96 166
a 47 70 0 65 168
a 47 76 0 88 73
a 47 256 0 20 157
a 47 249 0 76 172
a 47 130 0 44 145
a 48 279 0 16047 185
a 48 127 0 53 47
a 48 102 0 77 49
a 48 153 0 82 185
a 48 287 0 76 186
a 48 274 0 67 27
a 48 228 0 58 87
a 48 241 0 33 173
a 48 70 0 39 105
a 48 46 0 33 14
a 55 206 0 16047 200
a 55 24 0 82 34
a 55 184 0 35 129
a 55 245 0 90 174
a 55 288 0 68 14
a 55 22 0 88 23
a 55 103 0 39 36
a 59 16 0 16047 200
a 59 91 0 64 22
a 59 40 0 50 79
a 59 195 0 37 93
a 59 39 0 88 41
a 93 191 0 16047 134
a 93 229 0 81 29
a 93 248 0 90 149
a 93 146 0 14 197
a 93 253 0 30 156
a 93 55 0 51 117
a 103 265 0 16047 89
a 103 55 0 87 29
a 103 121 0 18 64
a 103 299 0 19 116
a 103 61 0 100 85
a 103 92 0 78 21
a 103 130 0 11 181
a 123 180 0 16047 200
a 123 298 0 16047 200
a 123 55 0 65 41
a 123 201 0 24 104
a 123 290 0 71 165
a 123 139 0 61 200
a 123 50 0 17 30
a 123 252 0 26 174
a 123 64 0 69 38
a 127 224 0 16047 200
a 127 238 0 40 193
a 127 119 0 39 104
a 127 87 0 74 12
a 127 54 0 70 65
a 127 240 0 48 14
a 127 78 0 23 174
a 127 191 0 67 170
a 127 231 0 96 141
a 127 84 0 44 196
a 127 76 0 47 37
a 129 127 0 16047 7
a 129 237 0 66 189
a 129 88 0 18 2
a 129 97 0 83 193
a 129 212 0 30 39
a 129 241 0 60 145
a 151 129 0 16047 200
a 151 68 0 44 109
a 151 108 0 64 157
a 151 53 0 74 45
a 151 246 0 71 185
a 151 64 0 62 136
a 151 101 0 80 46
a 151 243 0 41 17
a 153 25 0 16047 200
a 153 130 0 83 2
a 154 123 0 16047 40
a 154 54 0 76 123
a 155 253 0 16047 52
a 155 284 0 11 90
a 155 288 0 58 180
a 155 93 0 82 109
a 159 256 0 16047 200
a 159 59 0 83 36
a 159 198 0 50 183
a 159 215 0 18 66
a 159 101 0 88 177
a 159 236 0 76 60
a 159 282 0 93 144
a 173 215 0 16047 200
a 173 37 0 32 187
a 173 65 0 71 176
a 173 153 0 41 149
a 173 287 0 53 167
a 173 122 0 74 122
a 173 146 0 68 57
a 173 200 0 16 111
a 173 195 0 18 167
a 173 278 0 45 108
a 173 218 0 23 94
a 174 276 0 16047 6
a 174 247 0 82 113
a 174 109 0 64 120
a 174 147 0 91 149
a 174 203 0 92 129
a 174 175 0 48 44
a 174 10 0 47 127
a 174 22 0 57 167
a 174 134 0 68 106
a 174 100 0 95 72
a 180 151 0 16047 200
a 180 80 0 56 62
a 180 178 0 41 159
a 180 154 0 72 165
a 180 120 0 48 72
a 180 232 0 20 59
a 180 250 0 84 53
a 190 103 0 16047 121
a 190 64 0 59 111
a 190 224 0 88 187
a 190 166 0 11 200
a 190 179 0 78 115
a 190 261 0 41 141
a 190 277 0 85 90
a 190 83 0 79 25
a 190 59 0 45 196
a 190 18 0 39 106
a 191 31 0 16047 129
a 191 185 0 69 47
a 191 22 0 17 132
a 204 154 0 16047 90
a 204 22 0 64 130
a 204 142 0 66 55
a 204 239 0 12 13
a 204 89 0 60 139
a 204 276 0 61 115
a 205 209 0 16047 40
a 205 53 0 35 91
a 205 30 0 58 48
a 205 298 0 46 196
a 205 172 0 76 189
a 206 223 0 16047 200
a 206 28 0 80 124
a 206 287 0 22 179
a 206 104 0 71 52
a 206 124 0 49 177
a 206 176 0 65 170
a 206 156 0 86 56
a 206 248 0 95 24
a 206 133 0 75 16
a 206 229 0 76 16
a 209 231 0 16047 175
a 209 92 0 28 199
a 215 45 0 16047 200
a 215 237 0 96 9
a 215 216 0 78 137
a 215 180 0 38 152
a 215 69 0 69 15
a 215 20 0 43 35
a 215 16 0 91 101
a 223 155 0 16047 126
a 223 221 0 58 126
a 223 156 0 32 3
a 223 281 0 62 180
a 223 114 0 15 126
a 223 182 0 73 52
a 223 172 0 78 174
a 223 300 0 56 19
a 223 239 0 35 92
a 224 173 0 16047 145
a 224 74 0 31 194
a 231 21 0 16047 127
a 231 127 0 96 153
a 231 34 0 89 57
a 231 137 0 16 52
a 237 243 0 16047 200
a 237 140 0 92 53
a 237 115 0 31 135
a 237 272 0 68 72
a 237 118 0 64 139
a 237 113 0 83 137
a 237 167 0 80 104
a 237 215 0 19 61
a 243 174 0 16047 133
a 243 59 0 76 152
a 243 56 0 53 44
a 243 113 0 97 136
a 243 146 0 16 90
a 243 292 0 50 194
a 243 78 0 57 137
a 252 285 0 16047 200
a 252 147 0 30 30
a 252 247 0 86 173
a 252 267 0 55 21
a 252 52 0 28 156
a 252 142 0 83 67
a 252 90 0 10 66
a 253 20 0 16047 6
a 253 58 0 79 75
a 253 61 0 12 118
a 253 276 0 33 12
a 253 145 0 58 43
a 253 200 0 67 93
a 253 194 0 73 172
a 253 137 0 83 114
a 256 55 0 16047 200
a 256 225 0 16 103
a 256 159 0 91 105
a 256 41 0 11 119
a 265 237 0 16047 200
a 265 160 0 60 147
a 265 134 0 63 59
a 265 49 0 82 119
a 276 295 0 16047 200
a 276 290 0 98 13
a 276 175 0 97 75
a 276 35 0 63 36
a 276 192 0 57 200
a 276 257 0 71 62
a 276 293 0 27 187
a 276 96 0 16 146
a 276 256 0 35 95
a 279 205 0 16047 200
a 279 156 0 36 24
a 279 74 0 93 80
a 279 101 0 80 17
a 285 48 0 16047 155
a 285 61 0 40 55
a 285 280 0 50 110
a 285 27 0 29 31
a 285 151 0 31 125
a 289 47 0 16047 200
a 289 100 0 55 20
a 289 248 0 34 61
