c PyNETGEN v1.0.0
c $ pip install pynetgen
c
c  NETGEN flow network generation algorithm
c  Problem input parameters
c  -------------------------------------
c   Random seed:          33575481
c   Number of nodes:      300
c   Source nodes:         8
c   Sink nodes:           9
c   Number of arcs:       2000
c   Minimum arc cost:     2
c   Maximum arc cost:     200
c   Total supply:         1200
c   Transshipment -
c     Sources:            0
c     Sinks:              0
c   Skeleton arcs -
c     With max cost:      50
c     Capacitated:        100
c   Minimum arc capacity: 10
c   Maximum arc capacity: 100
c
c  *** Minimum cost flow ***
c
p min 300 2000
n 1 231
n 2 316
n 3 29
n 4 161
n 5 144
n 6 185
n 7 36
n 8 98
n 292 -63
n 293 -266
n 294 -65
n 295 -91
n 296 -429
n 297 -6
n 298 -191
n 299 -35
n 300 -54
a 1 123 0 231 51
a 1 116 0 94 46
a 9 134 0 231 48
a 9 209 0 85 108
a 9 124 0 30 148
a 9 185 0 56 15
a 18 289 0 231 200
a 18 118 0 38 95
a 18 29 0 53 96
a 18 240 0 69 189
a 18 15 0 17 65
a 18 132 0 65 42
a 18 149 0 31 167
a 18 153 0 74 45
a 18 136 0 84 141
a 30 293 0 231 200
a 30 126 0 72 184
a 30 238 0 84 151
a 30 254 0 93 137
a 30 131 0 49 69
a 30 274 0 45 130
a 30 107 0 42 2
a 30 233 0 89 35
a 30 77 0 78 122
a 30 76 0 21 92
a 49 90 0 231 101
a 49 221 0 98 176
a 49 199 0 30 5
a 49 31 0 62 130
a 49 174 0 62 58
a 49 113 0 17 150
a 49 84 0 58 182
a 49 56 0 31 104
a 49 201 0 89 8
a 52 153 0 231 200
a 52 22 0 20 47
a 52 238 0 55 113
a 52 137 0 77 124
a 52 59 0 22 120
a 52 268 0 20 59
a 52 250 0 53 124
a 52 261 0 81 79
a 52 244 0 85 89
a 52 134 0 55 187
a 72 146 0 231 71
a 72 205 0 54 49
a 72 181 0 54 169
a 72 171 0 57 75
a 72 70 0 17 118
a 72 215 0 79 13
a 72 13 0 59 180
a 72 34 0 63 42
a 72 50 0 55 141
a 72 130 0 57 173
a 72 261 0 13 85
a 80 235 0 231 57
a 80 15 0 51 11
a 80 201 0 62 116
a 80 143 0 68 184
a 83 236 0 231 10
a 83 151 0 59 14
a 83 250 0 74 51
a 83 62 0 75 119
a 83 46 0 44 108
a 83 210 0 74 63
a 83 282 0 54 170
a 83 172 0 56 191
a 83 51 0 77 151
a 83 18 0 83 14
a 83 238 0 43 22
a 90 30 0 231 200
a 90 254 0 91 23
a 90 291 0 65 148
a 90 76 0 26 126
a 90 68 0 10 185
a 97 222 0 231 200
a 97 195 0 19 38
a 97 210 0 44 139
a 97 42 0 70 192
a 97 220 0 44 126
a 97 171 0 84 11
a 97 170 0 87 130
a 97 146 0 15 110
a 97 90 0 31 121
a 97 266 0 28 140
a 97 194 0 26 107
a 97 238 0 16 73
a 123 200 0 231 200
a 123 256 0 44 147
a 123 228 0 22 131
a 123 201 0 87 186
a 134 97 0 231 200
a 134 140 0 78 3
a 134 94 0 23 32
a 134 166 0 21 147
a 134 119 0 92 121
a 134 239 0 64 68
a 141 182 0 231 118
a 141 114 0 94 73
a 141 188 0 20 171
a 141 196 0 77 126
a 141 66 0 45 79
a 141 268 0 19 177
a 141 230 0 71 29
a 141 136 0 75 103
a 142 271 0 231 200
a 142 109 0 65 23
a 142 76 0 27 192
a 142 178 0 14 197
a 142 68 0 44 145
a 142 258 0 32 53
a 142 31 0 13 21
a 142 177 0 58 28
a 146 205 0 231 43
a 146 49 0 87 66
a 146 46 0 11 15
a 146 130 0 88 91
a 146 156 0 26 174
a 146 38 0 77 114
a 146 72 0 78 165
a 146 99 0 57 190
a 146 45 0 64 108
a 146 228 0 15 166
a 146 188 0 87 103
a 153 256 0 231 173
a 153 52 0 52 142
a 153 107 0 83 68
a 153 16 0 53 96
a 177 207 0 231 166
a 177 47 0 22 156
a 177 132 0 98 124
a 177 191 0 29 94
a 177 103 0 29 136
a 177 66 0 36 25
a 177 175 0 39 7
a 177 78 0 34 24
a 182 253 0 231 200
a 182 71 0 24 182
a 182 89 0 57 128
a 182 277 0 77 61
a 184 247 0 231 200
a 184 282 0 71 189
a 184 109 0 11 65
a 184 114 0 89 25
a 184 235 0 23 90
a 184 60 0 62 141
a 184 221 0 96 85
a 184 77 0 36 21
a 185 142 0 231 200
a 185 70 0 10 161
a 185 139 0 42 15
a 185 256 0 86 105
a 185 235 0 88 107
a 185 42 0 13 7
a 185 10 0 43 102
a 200 52 0 231 200
a 200 213 0 55 19
a 200 157 0 40 196
a 200 156 0 50 163
a 200 80 0 51 66
a 200 187 0 24 158
a 200 221 0 33 46
a 200 139 0 97 187
a 200 117 0 36 144
a 200 212 0 61 23
a 200 133 0 99 194
a 200 124 0 32 152
a 205 18 0 231 200
a 205 299 0 231 93
a 205 176 0 46 113
a 205 233 0 94 69
a 205 25 0 37 23
a 207 72 0 231 200
a 207 74 0 90 55
a 207 14 0 38 113
a 207 267 0 50 173
a 207 22 0 76 40
a 207 156 0 35 74
a 207 160 0 96 31
a 207 123 0 91 94
a 207 234 0 87 33
a 222 262 0 231 28
a 222 183 0 50 151
a 222 175 0 97 55
a 222 281 0 33 163
a 222 197 0 66 54
a 222 158 0 26 155
a 222 46 0 29 199
a 222 166 0 54 104
a 222 215 0 48 70
a 223 49 0 231 200
a 223 162 0 94 85
a 223 106 0 92 133
a 235 83 0 231 125
a 235 275 0 19 75
a 235 131 0 62 88
a 235 90 0 56 120
a 235 193 0 24 162
a 235 267 0 35 42
a 236 237 0 231 200
a 236 288 0 19 152
a 236 122 0 75 38
a 236 114 0 17 67
a 237 177 0 231 200
a 237 151 0 20 145
a 237 270 0 34 183
a 237 167 0 68 151
a 237 66 0 48 159
a 237 98 0 12 70
a 237 95 0 25 114
a 237 159 0 19 133
a 247 185 0 231 56
a 247 224 0 21 24
a 247 81 0 54 122
a 247 28 0 57 85
a 247 181 0 26 6
a 247 73 0 62 89
a 247 300 0 92 158
a 247 206 0 31 56
a 247 239 0 23 161
a 247 164 0 79 181
a 253 80 0 231 51
a 253 294 0 67 18
a 253 200 0 32 154
a 253 282 0 65 112
a 253 204 0 99 124
a 253 129 0 60 157
a 253 178 0 89 192
a 256 258 0 231 200
a 256 239 0 97 4
a 256 274 0 39 195
a 256 83 0 55 145
a 256 46 0 50 198
a 256 115 0 43 169
a 256 27 0 24 23
a 256 174 0 96 53
a 256 55 0 95 191
a 256 49 0 28 180
a 258 9 0 231 162
a 258 204 0 30 107
a 258 87 0 44 112
a 258 254 0 62 113
a 258 274 0 56 140
a 258 25 0 33 85
a 258 40 0 78 174
a 258 255 0 43 190
a 262 184 0 231 129
a 262 102 0 72 140
a 262 25 0 11 3
a 262 127 0 75 78
a 262 79 0 72 121
a 262 26 0 81 112
a 262 151 0 47 170
a 262 228 0 93 148
a 262 243 0 71 8
a 271 141 0 231 200
a 271 256 0 87 198
a 271 187 0 38 60
a 289 223 0 231 200
a 289 32 0 83 174
a 289 78 0 90 112
a 289 23 0 21 147
a 289 288 0 34 160
a 289 215 0 89 61
a 289 166 0 44 115
a 289 259 0 96 165
a 289 74 0 38 161
a 289 63 0 97 114
a 2 132 0 316 200
a 2 48 0 81 13
a 2 292 0 94 46
a 2 133 0 46 154
a 2 124 0 86 130
a 15 298 0 316 200
a 15 291 0 32 122
a 15 153 0 19 96
a 15 262 0 89 127
a 15 131 0 68 3
a 15 77 0 84 124
a 15 293 0 63 128
a 15 230 0 66 131
a 15 289 0 24 101
a 15 65 0 84 78
a 15 185 0 51 123
a 33 74 0 316 180
a 33 47 0 21 29
a 33 114 0 63 74
a 33 209 0 72 161
a 33 94 0 16 200
a 33 120 0 100 167
a 33 237 0 45 148
a 33 89 0 79 134
a 33 196 0 50 45
a 33 81 0 18 171
a 33 133 0 41 85
a 33 247 0 79 121
a 41 73 0 316 200
a 41 240 0 17 181
a 41 238 0 11 118
a 41 43 0 67 60
a 41 68 0 17 133
a 41 254 0 92 168
a 41 40 0 12 12
a 41 221 0 21 70
a 41 143 0 61 191
a 41 214 0 36 152
a 41 281 0 57 166
a 54 228 0 316 157
a 54 289 0 71 44
a 54 45 0 60 196
a 56 136 0 316 200
a 56 45 0 76 63
a 56 259 0 51 194
a 56 191 0 30 151
a 56 234 0 80 75
a 59 15 0 316 200
a 59 231 0 79 9
a 59 247 0 60 57
a 59 42 0 14 152
a 59 252 0 54 61
a 59 273 0 69 138
a 59 47 0 88 48
a 63 174 0 316 165
a 63 206 0 95 135
a 65 242 0 316 200
a 65 133 0 57 138
a 65 126 0 47 183
a 65 289 0 95 16
a 65 15 0 83 200
a 65 151 0 93 43
a 65 244 0 77 31
a 65 241 0 95 36
a 65 132 0 40 195
a 65 69 0 86 117
a 65 226 0 27 183
a 65 178 0 63 76
a 69 296 0 316 80
a 69 56 0 316 16
a 69 135 0 12 31
a 69 49 0 70 40
a 69 112 0 99 186
a 73 63 0 316 200
a 73 21 0 28 198
a 73 227 0 69 76
a 73 265 0 98 52
a 73 123 0 63 157
a 73 151 0 51 23
a 73 228 0 45 52
a 74 272 0 316 151
a 74 100 0 58 50
a 74 253 0 32 121
a 74 96 0 45 23
a 74 265 0 47 190
a 74 282 0 28 99
a 74 236 0 61 193
a 74 170 0 18 19
a 74 92 0 94 72
a 74 90 0 52 35
a 74 99 0 93 141
a 79 69 0 316 200
a 79 23 0 80 181
a 79 63 0 13 118
a 79 180 0 26 43
a 79 286 0 80 148
a 79 173 0 98 187
a 79 137 0 73 39
a 79 148 0 95 173
a 79 97 0 53 73
a 119 183 0 316 200
a 119 104 0 33 170
a 119 99 0 19 93
a 119 190 0 70 138
a 119 264 0 54 23
a 119 55 0 25 184
a 119 50 0 81 105
a 125 287 0 316 200
a 125 223 0 79 163
a 125 164 0 86 140
a 125 150 0 49 26
a 125 296 0 26 20
a 125 165 0 87 40
a 125 15 0 21 135
a 125 93 0 87 141
a 125 205 0 40 182
a 125 257 0 56 85
a 125 121 0 81 55
a 128 79 0 316 200
a 128 292 0 67 134
a 132 201 0 316 200
a 132 181 0 28 137
a 132 154 0 86 139
a 132 286 0 61 88
a 132 290 0 40 106
a 132 129 0 86 168
a 132 254 0 52 184
a 132 185 0 77 115
a 132 173 0 24 164
a 136 269 0 316 10
a 136 266 0 99 21
a 136 184 0 59 116
a 136 229 0 27 48
a 136 235 0 72 16
a 136 182 0 76 65
a 136 111 0 42 198
a 136 163 0 19 180
a 136 286 0 26 28
a 136 45 0 84 52
a 151 128 0 316 200
a 151 204 0 70 30
a 151 257 0 96 121
a 151 45 0 75 191
a 151 208 0 18 162
a 151 122 0 42 135
a 151 16 0 94 183
a 162 151 0 316 191
a 162 107 0 59 63
a 162 161 0 57 59
a 162 204 0 13 102
a 162 137 0 86 185
a 162 172 0 67 199
a 162 131 0 62 64
a 162 14 0 48 73
a 162 157 0 26 180
a 162 28 0 62 93
a 174 162 0 316 200
a 174 281 0 22 74
a 174 34 0 65 5
a 174 289 0 38 46
a 174 163 0 98 94
a 174 156 0 95 33
a 174 293 0 60 85
a 174 132 0 86 54
a 174 130 0 76 160
a 176 213 0 316 200
a 176 263 0 91 76
a 176 230 0 71 83
a 176 195 0 21 22
a 176 284 0 28 186
a 176 142 0 86 178
a 176 87 0 56 58
a 176 63 0 51 175
a 176 194 0 12 197
a 176 68 0 27 184
a 183 59 0 316 84
a 183 156 0 80 119
a 183 90 0 63 59
a 183 169 0 57 191
a 183 76 0 45 65
a 183 185 0 27 84
a 183 82 0 43 153
a 201 203 0 316 45
a 201 200 0 13 183
a 201 127 0 17 147
a 201 148 0 61 119
a 203 277 0 316 105
a 203 265 0 28 125
a 203 28 0 56 180
a 203 9 0 78 107
a 203 195 0 21 140
a 203 78 0 63 149
a 203 118 0 93 170
a 203 198 0 70 156
a 203 87 0 91 80
a 203 213 0 43 81
a 203 24 0 16 161
a 213 125 0 316 200
a 213 253 0 93 59
a 213 121 0 67 200
a 213 95 0 28 27
a 213 275 0 92 172
a 213 128 0 83 141
a 213 143 0 21 88
a 228 65 0 316 200
a 228 143 0 62 126
a 228 285 0 62 19
a 228 182 0 86 32
a 228 161 0 48 135
a 228 199 0 59 199
a 228 172 0 14 32
a 228 150 0 58 135
a 228 209 0 76 94
a 228 155 0 43 106
a 228 87 0 74 70
a 228 122 0 53 198
a 242 119 0 316 200
a 242 60 0 43 16
a 242 249 0 61 80
a 242 36 0 56 27
a 242 224 0 53 109
a 242 53 0 10 140
a 242 88 0 72 36
a 242 155 0 63 126
a 242 56 0 40 113
a 242 291 0 97 181
a 269 54 0 316 89
a 269 34 0 17 20
a 269 299 0 71 190
a 269 105 0 98 140
a 269 103 0 93 154
a 269 156 0 20 94
a 269 107 0 37 57
a 269 238 0 50 149
a 272 176 0 316 200
a 272 274 0 98 53
a 272 140 0 43 55
a 272 161 0 53 99
a 272 142 0 36 69
a 272 186 0 78 40
a 272 9 0 64 106
a 272 107 0 61 7
a 277 33 0 316 117
a 277 97 0 75 113
a 277 144 0 13 152
a 277 237 0 45 100
a 277 66 0 77 56
a 287 41 0 316 200
a 287 297 0 16 48
a 287 18 0 33 89
a 287 161 0 77 70
a 287 222 0 29 90
a 287 97 0 72 38
a 287 233 0 15 154
a 287 193 0 71 124
a 287 192 0 97 75
a 287 156 0 31 59
a 3 165 0 29 200
a 3 215 0 57 60
a 3 297 0 16 182
a 3 82 0 36 179
a 12 266 0 29 131
a 12 278 0 60 27
a 12 245 0 56 180
a 12 61 0 96 172
a 12 242 0 21 75
a 12 54 0 14 17
a 12 151 0 28 93
a 12 146 0 71 135
a 12 255 0 13 41
a 12 171 0 21 3
a 12 189 0 95 184
a 12 98 0 77 141
a 13 48 0 29 125
a 13 131 0 80 25
a 13 265 0 74 118
a 13 297 0 63 189
a 46 164 0 29 175
a 46 297 0 52 122
a 46 255 0 83 58
a 46 149 0 23 161
a 46 126 0 98 187
a 47 104 0 29 102
a 47 13 0 92 129
a 47 299 0 20 85
a 47 270 0 29 161
a 47 291 0 79 150
a 47 12 0 53 194
a 47 189 0 98 62
a 47 19 0 93 93
a 47 59 0 59 2
a 48 161 0 29 75
a 48 246 0 90 147
a 48 31 0 76 189
a 48 261 0 82 71
a 48 215 0 86 125
a 48 75 0 46 120
a 48 111 0 14 119
a 48 117 0 24 123
a 48 178 0 31 22
a 66 129 0 29 195
a 66 107 0 80 158
a 81 233 0 29 65
a 81 239 0 70 187
a 81 262 0 96 113
a 81 213 0 63 193
a 81 63 0 88 13
a 81 224 0 43 174
a 82 267 0 29 103
a 82 169 0 38 42
a 82 62 0 42 102
a 82 201 0 25 132
a 82 277 0 91 132
a 82 272 0 57 108
a 82 90 0 50 88
a 93 260 0 29 200
a 93 154 0 64 70
a 93 229 0 86 43
a 93 47 0 75 135
a 93 134 0 20 48
a 93 38 0 12 26
a 93 248 0 100 9
a 93 220 0 16 80
a 100 238 0 29 200
a 100 181 0 96 102
a 100 178 0 11 146
a 100 190 0 16 63
a 100 277 0 98 144
a 100 146 0 54 46
a 104 276 0 29 200
a 104 58 0 15 53
a 104 59 0 41 53
a 104 15 0 39 16
a 104 34 0 66 153
a 105 220 0 29 65
a 105 170 0 85 141
a 105 159 0 30 65
a 105 11 0 14 194
a 105 214 0 88 73
a 105 98 0 97 6
a 105 116 0 30 140
a 105 194 0 69 37
a 105 173 0 61 163
a 105 16 0 11 182
a 105 162 0 70 185
a 105 221 0 28 172
a 122 178 0 29 32
a 122 248 0 64 44
a 122 68 0 10 44
a 122 126 0 98 167
a 122 228 0 65 149
a 129 105 0 29 200
a 129 167 0 69 36
a 129 44 0 31 150
a 129 83 0 12 6
a 129 130 0 92 2
a 129 63 0 46 151
a 131 122 0 29 200
a 131 37 0 14 117
a 131 14 0 28 76
a 131 85 0 35 175
a 131 221 0 50 91
a 149 93 0 29 75
a 149 245 0 28 161
a 149 230 0 98 144
a 149 164 0 54 75
a 149 28 0 95 140
a 149 170 0 82 100
a 149 224 0 28 31
a 149 123 0 68 126
a 161 46 0 29 4
a 161 155 0 33 136
a 161 13 0 89 153
a 161 285 0 81 19
a 161 216 0 30 111
a 161 103 0 39 166
a 161 274 0 70 28
a 161 254 0 37 160
a 161 125 0 90 12
a 161 275 0 47 46
a 161 111 0 84 73
a 164 81 0 29 200
a 164 65 0 55 2
a 164 241 0 52 73
a 164 195 0 72 59
a 164 193 0 61 197
a 164 216 0 42 193
a 164 273 0 32 200
a 164 123 0 27 73
a 164 163 0 81 168
a 164 46 0 12 136
a 164 192 0 56 166
a 164 275 0 30 35
a 165 229 0 29 200
a 165 255 0 61 55
a 178 221 0 29 200
a 178 269 0 74 74
a 178 140 0 54 70
a 178 224 0 30 71
a 178 155 0 33 179
a 178 67 0 49 139
a 178 253 0 75 146
a 178 93 0 22 146
a 178 37 0 47 172
a 178 152 0 66 28
a 179 230 0 29 184
a 179 118 0 80 116
a 179 171 0 91 91
a 179 134 0 40 166
a 179 272 0 78 147
a 196 294 0 29 200
a 196 170 0 63 2
a 196 250 0 77 134
a 199 196 0 29 200
a 199 215 0 14 159
a 199 192 0 69 163
a 199 279 0 43 127
a 199 217 0 12 104
a 199 227 0 45 126
a 220 199 0 29 98
a 220 105 0 58 75
a 220 196 0 49 200
a 220 155 0 61 92
a 220 232 0 41 27
a 220 281 0 42 83
a 220 138 0 85 166
a 220 225 0 93 106
a 220 262 0 89 46
a 220 53 0 80 37
a 221 231 0 29 200
a 221 291 0 47 112
a 221 130 0 90 149
a 221 266 0 97 72
a 221 228 0 22 195
a 221 255 0 63 50
a 221 77 0 34 12
a 221 199 0 88 198
a 229 13 0 29 200
a 229 18 0 87 177
a 229 57 0 70 153
a 229 80 0 78 41
a 230 66 0 29 200
a 230 154 0 20 147
a 230 218 0 26 112
a 230 32 0 82 75
a 231 149 0 29 200
a 231 211 0 62 15
a 231 70 0 81 38
a 231 52 0 67 73
a 231 96 0 31 58
a 231 287 0 72 5
a 231 87 0 49 42
a 231 233 0 12 147
a 231 13 0 10 119
a 231 282 0 81 120
a 233 131 0 29 32
a 233 146 0 57 171
a 233 205 0 42 130
a 233 93 0 21 100
a 233 94 0 39 138
a 238 179 0 29 200
a 238 259 0 60 37
a 238 289 0 13 160
a 238 237 0 24 146
a 238 26 0 84 168
a 238 233 0 84 43
a 244 100 0 29 200
a 244 273 0 41 56
a 244 202 0 45 69
a 244 58 0 94 32
a 244 73 0 14 167
a 244 106 0 63 57
a 244 172 0 45 123
a 244 96 0 82 179
a 244 183 0 42 21
a 244 276 0 12 147
a 257 244 0 29 109
a 257 126 0 47 82
a 257 28 0 52 69
a 260 82 0 29 78
a 260 180 0 53 157
a 260 232 0 61 93
a 260 98 0 93 36
a 260 75 0 96 154
a 260 179 0 83 75
a 260 256 0 94 66
a 260 26 0 23 8
a 260 146 0 45 187
a 260 264 0 49 135
a 266 257 0 29 200
a 266 202 0 34 178
a 266 253 0 40 135
a 266 145 0 88 63
a 266 153 0 29 2
a 266 103 0 82 42
a 266 236 0 55 22
a 266 18 0 20 2
a 266 262 0 86 8
a 266 62 0 46 107
a 266 182 0 55 7
a 266 155 0 89 66
a 267 274 0 29 84
a 267 72 0 28 182
a 267 109 0 77 118
a 273 12 0 29 200
a 273 274 0 12 131
a 273 289 0 67 83
a 273 145 0 92 118
a 273 212 0 56 82
a 273 40 0 52 161
a 273 205 0 74 32
a 273 57 0 36 93
a 273 204 0 46 160
a 274 47 0 29 125
a 274 128 0 59 159
a 274 240 0 85 154
a 276 273 0 29 200
a 276 296 0 29 161
a 276 111 0 77 144
a 276 90 0 96 64
a 276 152 0 18 68
a 276 265 0 89 20
a 276 268 0 59 102
a 276 69 0 79 161
a 4 150 0 161 200
a 4 295 0 94 178
a 4 221 0 96 165
a 4 186 0 66 65
a 4 146 0 53 22
a 4 77 0 76 191
a 16 155 0 161 134
a 16 280 0 17 200
a 19 286 0 161 200
a 19 277 0 88 127
a 19 164 0 92 31
a 19 36 0 10 42
a 19 246 0 72 19
a 19 189 0 32 28
a 19 102 0 33 112
a 19 216 0 76 123
a 19 95 0 41 23
a 19 66 0 13 108
a 31 43 0 161 200
a 31 23 0 63 12
a 31 116 0 77 186
a 31 224 0 20 74
a 31 221 0 11 26
a 31 220 0 71 139
a 31 68 0 83 39
a 31 44 0 98 119
a 31 96 0 88 5
a 31 51 0 72 38
a 34 31 0 161 36
a 34 272 0 71 146
a 42 175 0 161 200
a 42 122 0 74 115
a 42 202 0 62 16
a 43 157 0 161 200
a 43 41 0 18 199
a 51 217 0 161 58
a 51 86 0 47 63
a 51 19 0 85 43
a 51 133 0 60 63
a 51 38 0 50 88
a 51 142 0 72 97
a 53 214 0 161 67
a 53 164 0 64 14
a 61 224 0 161 200
a 61 80 0 47 72
a 61 161 0 95 49
a 61 56 0 59 173
a 61 223 0 64 180
a 61 14 0 98 54
a 71 181 0 161 200
a 71 142 0 43 103
a 71 266 0 12 81
a 71 216 0 16 196
a 84 99 0 161 200
a 84 198 0 74 76
a 84 102 0 40 116
a 84 205 0 90 187
a 84 166 0 13 156
a 84 228 0 48 49
a 88 189 0 161 200
a 88 91 0 99 61
a 88 238 0 92 9
a 88 248 0 19 77
a 88 186 0 26 182
a 88 282 0 88 28
a 88 194 0 17 116
a 88 166 0 62 56
a 88 39 0 65 163
a 88 17 0 87 104
a 88 266 0 57 55
a 88 300 0 12 177
a 99 61 0 161 200
a 99 106 0 82 82
a 99 33 0 35 26
a 99 211 0 53 137
a 99 228 0 87 169
a 99 157 0 91 104
a 99 193 0 31 116
a 99 19 0 21 87
a 99 143 0 49 55
a 99 293 0 32 99
a 99 10 0 35 42
a 107 51 0 161 82
a 107 175 0 46 129
a 107 13 0 34 162
a 107 42 0 45 54
a 107 189 0 52 53
a 107 294 0 92 85
a 107 109 0 99 148
a 107 138 0 60 41
a 107 118 0 20 165
a 107 243 0 89 9
a 107 66 0 17 152
a 107 134 0 94 100
a 109 71 0 161 200
a 109 67 0 38 86
a 109 105 0 98 11
a 109 251 0 74 100
a 109 253 0 60 137
a 109 265 0 73 45
a 109 18 0 30 73
a 109 103 0 66 125
a 109 29 0 17 150
a 109 235 0 98 35
a 109 168 0 82 46
a 109 11 0 89 192
a 127 16 0 161 177
a 127 69 0 71 158
a 127 291 0 22 179
a 127 265 0 67 129
a 127 244 0 75 80
a 127 220 0 72 198
a 127 232 0 91 184
a 127 178 0 75 170
a 127 227 0 36 177
a 127 201 0 70 68
a 127 121 0 99 46
a 139 53 0 161 114
a 139 135 0 70 12
a 139 103 0 60 81
a 139 162 0 68 152
a 139 97 0 48 129
a 139 144 0 36 84
a 148 167 0 161 200
a 148 287 0 32 200
a 148 175 0 56 153
a 148 58 0 31 73
a 148 69 0 76 131
a 148 243 0 80 180
a 148 120 0 84 93
a 148 43 0 71 23
a 148 37 0 91 13
a 150 84 0 161 192
a 150 173 0 82 177
a 150 193 0 94 102
a 150 92 0 79 198
a 155 219 0 161 177
a 155 167 0 42 176
a 155 14 0 71 105
a 157 245 0 161 50
a 157 91 0 71 49
a 157 210 0 43 99
a 157 283 0 60 57
a 157 122 0 66 6
a 163 139 0 161 121
a 163 99 0 73 25
a 163 217 0 73 100
a 163 162 0 70 78
a 167 109 0 161 200
a 167 218 0 67 193
a 167 105 0 36 62
a 167 62 0 98 90
a 175 127 0 161 200
a 175 42 0 99 109
a 175 289 0 70 192
a 175 120 0 23 198
a 181 250 0 161 55
a 181 236 0 86 171
a 181 167 0 95 100
a 181 224 0 28 112
a 181 261 0 64 188
a 189 107 0 161 200
a 189 220 0 92 59
a 189 14 0 10 143
a 189 86 0 67 97
a 189 65 0 65 109
a 194 293 0 161 200
a 194 297 0 18 72
a 194 106 0 78 99
a 194 189 0 74 134
a 194 148 0 24 164
a 194 152 0 18 100
a 194 231 0 48 10
a 194 278 0 61 45
a 214 251 0 161 71
a 214 107 0 88 18
a 214 59 0 34 70
a 214 183 0 67 128
a 214 222 0 80 197
a 214 148 0 84 116
a 214 173 0 74 131
a 214 191 0 27 184
a 214 246 0 47 65
a 214 159 0 10 87
a 214 165 0 46 138
a 214 243 0 38 156
a 217 194 0 161 200
a 217 11 0 17 16
a 217 257 0 88 115
a 217 126 0 60 65
a 217 181 0 48 110
a 217 160 0 38 59
a 217 112 0 13 126
a 217 9 0 35 141
a 217 258 0 68 93
a 219 148 0 161 170
a 219 276 0 47 136
a 219 24 0 66 60
a 224 42 0 161 72
a 224 132 0 69 112
a 224 190 0 24 21
a 224 221 0 76 150
a 224 94 0 37 52
a 224 62 0 97 94
a 241 163 0 161 200
a 241 27 0 69 161
a 241 117 0 54 189
a 245 241 0 161 200
a 245 22 0 14 189
a 245 216 0 90 138
a 245 127 0 35 121
a 245 154 0 46 159
a 245 21 0 37 97
a 245 280 0 17 108
a 245 243 0 84 117
a 250 34 0 161 200
a 250 268 0 81 36
a 250 170 0 25 40
a 250 128 0 81 129
a 250 273 0 12 170
a 251 259 0 161 200
a 251 295 0 161 200
a 251 296 0 90 121
a 251 73 0 50 77
a 251 249 0 14 179
a 251 61 0 53 93
a 251 203 0 31 39
a 251 187 0 10 190
a 251 138 0 77 9
a 251 269 0 58 8
a 251 71 0 61 134
a 251 280 0 45 72
a 259 268 0 161 135
a 259 72 0 30 195
a 259 183 0 28 192
a 259 20 0 99 190
a 259 91 0 20 88
a 259 124 0 84 27
a 268 19 0 161 145
a 268 271 0 58 17
a 268 179 0 15 147
a 268 264 0 83 143
a 268 10 0 64 193
a 268 83 0 76 148
a 268 9 0 19 57
a 268 110 0 47 26
a 279 88 0 161 99
a 279 250 0 39 147
a 279 170 0 95 118
a 279 130 0 47 197
a 279 273 0 84 131
a 279 262 0 10 173
a 279 245 0 82 154
a 279 300 0 14 60
a 279 107 0 26 80
a 286 279 0 161 200
a 286 85 0 98 188
a 286 131 0 28 183
a 286 17 0 43 157
a 286 228 0 56 131
a 286 134 0 28 31
a 286 132 0 57 2
a 5 252 0 144 170
a 5 20 0 52 152
a 5 291 0 34 23
a 5 295 0 66 125
a 5 19 0 92 107
a 5 228 0 21 68
a 5 245 0 75 116
a 5 250 0 79 86
a 5 254 0 79 167
a 5 232 0 29 137
a 21 39 0 144 44
a 21 237 0 35 153
a 21 137 0 35 159
a 21 211 0 96 99
a 21 66 0 74 74
a 21 257 0 78 65
a 21 120 0 23 99
a 21 44 0 14 57
a 25 98 0 144 157
a 25 212 0 87 108
a 25 286 0 97 59
a 25 143 0 76 28
a 25 87 0 69 13
a 26 21 0 144 200
a 26 63 0 25 42
a 26 172 0 71 170
a 26 32 0 96 185
a 26 212 0 69 78
a 26 257 0 96 99
a 26 187 0 52 196
a 26 25 0 19 198
a 26 14 0 90 165
a 26 137 0 69 50
a 28 29 0 144 200
a 28 124 0 65 160
a 28 35 0 98 95
a 28 183 0 27 116
a 28 277 0 68 11
a 28 207 0 18 197
a 28 138 0 27 106
a 28 77 0 79 169
a 28 108 0 91 24
a 29 25 0 144 162
a 29 26 0 46 91
a 29 161 0 24 18
a 29 215 0 22 106
a 29 36 0 76 88
a 29 240 0 30 78
a 37 249 0 144 160
a 37 22 0 86 19
a 37 160 0 66 79
a 37 177 0 40 130
a 37 87 0 11 37
a 38 216 0 144 200
a 38 246 0 27 153
a 38 297 0 45 81
a 38 207 0 94 160
a 38 201 0 59 42
a 38 209 0 29 173
a 38 167 0 49 184
a 38 254 0 50 98
a 39 133 0 144 200
a 39 119 0 71 92
a 39 272 0 52 82
a 39 155 0 49 58
a 39 223 0 18 29
a 39 207 0 51 176
a 39 170 0 32 100
a 39 280 0 72 82
a 39 188 0 72 198
a 39 88 0 32 166
a 39 103 0 12 38
a 39 215 0 74 161
a 77 296 0 144 200
a 77 255 0 40 89
a 77 16 0 71 15
a 77 128 0 59 87
a 77 37 0 78 122
a 77 221 0 26 145
a 77 276 0 43 7
a 77 133 0 89 94
a 77 162 0 97 107
a 77 210 0 51 106
a 77 35 0 85 18
a 86 110 0 144 41
a 86 45 0 48 20
a 86 293 0 64 101
a 86 213 0 28 170
a 86 165 0 82 49
a 86 12 0 89 47
a 86 64 0 95 109
a 86 91 0 88 158
a 87 37 0 144 97
a 87 33 0 76 40
a 87 287 0 79 90
a 87 295 0 64 180
a 91 135 0 144 128
a 91 236 0 49 125
a 91 222 0 98 77
a 91 259 0 63 79
a 91 86 0 17 7
a 98 117 0 144 198
a 98 108 0 22 75
a 98 119 0 59 75
a 98 73 0 53 117
a 98 250 0 57 110
a 98 79 0 55 115
a 98 38 0 43 181
a 98 282 0 87 78
a 98 182 0 35 127
a 108 294 0 144 73
a 108 209 0 144 200
a 108 189 0 54 140
a 108 22 0 98 91
a 108 206 0 90 35
a 108 224 0 81 21
a 108 144 0 21 15
a 110 227 0 144 200
a 110 243 0 83 139
a 110 218 0 45 191
a 110 173 0 51 111
a 110 214 0 45 159
a 110 270 0 64 91
a 110 133 0 53 56
a 110 204 0 87 52
a 110 52 0 98 2
a 110 194 0 31 163
a 110 123 0 44 144
a 117 254 0 144 25
a 117 298 0 49 131
a 117 221 0 10 167
a 117 218 0 46 145
a 117 127 0 34 75
a 117 177 0 98 106
a 117 108 0 16 127
a 120 26 0 144 200
a 120 136 0 26 93
a 133 86 0 144 200
a 133 13 0 96 10
a 133 111 0 41 14
a 133 70 0 46 15
a 133 132 0 11 12
a 133 154 0 88 16
a 133 194 0 96 60
a 133 149 0 95 177
a 133 126 0 100 115
a 133 11 0 82 164
a 135 77 0 144 200
a 135 149 0 44 24
a 135 138 0 30 35
a 135 218 0 36 179
a 135 277 0 88 155
a 135 86 0 56 95
a 143 91 0 144 23
a 143 226 0 72 35
a 143 63 0 77 200
a 143 168 0 29 95
a 143 94 0 51 95
a 143 246 0 41 61
a 143 166 0 82 96
a 143 172 0 24 81
a 143 40 0 20 43
a 143 48 0 74 172
a 143 161 0 98 86
a 144 108 0 144 200
a 144 279 0 47 135
a 144 25 0 56 129
a 147 263 0 144 200
a 147 58 0 43 139
a 147 125 0 87 144
a 186 120 0 144 200
a 186 133 0 31 174
a 186 169 0 17 172
a 186 178 0 45 72
a 186 191 0 62 130
a 186 48 0 34 16
a 209 147 0 144 200
a 209 184 0 71 148
a 209 208 0 50 157
a 209 141 0 66 42
a 209 262 0 54 9
a 216 143 0 144 200
a 216 178 0 76 141
a 216 152 0 48 108
a 216 47 0 70 96
a 216 199 0 37 17
a 216 172 0 84 74
a 216 247 0 20 106
a 216 136 0 56 4
a 216 70 0 67 113
a 216 219 0 23 135
a 216 157 0 58 62
a 227 28 0 144 200
a 227 31 0 56 36
a 227 257 0 66 71
a 227 46 0 84 136
a 227 162 0 58 172
a 227 299 0 40 91
a 227 273 0 66 184
a 227 90 0 84 82
a 227 137 0 18 4
a 227 113 0 84 130
a 249 264 0 144 10
a 249 76 0 14 99
a 249 115 0 90 169
a 249 18 0 78 67
a 249 29 0 94 40
a 249 86 0 18 168
a 249 149 0 55 40
a 249 224 0 95 184
a 252 87 0 144 200
a 252 126 0 94 140
a 252 266 0 15 135
a 254 38 0 144 200
a 254 112 0 46 103
a 254 240 0 93 109
a 254 79 0 69 60
a 263 281 0 144 80
a 263 248 0 94 98
a 263 155 0 63 139
a 263 129 0 62 62
a 263 58 0 67 147
a 263 96 0 77 97
a 263 97 0 76 69
a 264 144 0 144 200
a 264 31 0 43 126
a 264 33 0 41 131
a 281 186 0 144 190
a 281 92 0 40 117
a 281 180 0 58 136
a 281 202 0 84 31
a 281 236 0 20 91
a 281 130 0 23 66
a 281 62 0 97 78
a 6 190 0 185 168
a 6 65 0 89 96
a 6 222 0 18 16
a 6 233 0 69 161
a 6 85 0 95 62
a 6 33 0 87 56
a 6 296 0 13 45
a 6 137 0 79 106
a 6 134 0 92 146
a 6 75 0 87 168
a 11 70 0 185 200
a 11 99 0 98 2
a 11 286 0 56 58
a 22 204 0 185 145
a 22 205 0 84 79
a 22 96 0 63 72
a 22 251 0 89 62
a 22 181 0 45 7
a 27 11 0 185 167
a 27 178 0 21 160
a 27 211 0 34 44
a 27 45 0 76 2
a 27 95 0 74 49
a 27 236 0 69 75
a 57 239 0 185 120
a 57 224 0 20 10
a 57 12 0 78 143
a 57 287 0 63 190
a 57 9 0 13 76
a 58 138 0 185 189
a 58 202 0 52 140
a 58 112 0 96 169
a 58 207 0 54 64
a 58 110 0 21 173
a 58 193 0 62 22
a 58 295 0 63 37
a 58 25 0 99 106
a 62 278 0 185 83
a 62 135 0 32 151
a 62 114 0 47 118
a 62 32 0 22 114
a 62 273 0 90 59
a 62 31 0 12 142
a 62 286 0 80 196
a 68 172 0 185 169
a 68 97 0 80 88
a 68 253 0 35 159
a 68 140 0 43 35
a 68 108 0 54 49
a 68 94 0 82 89
a 68 299 0 79 50
a 68 35 0 54 79
a 68 53 0 66 148
a 70 58 0 185 77
a 70 52 0 21 93
a 70 262 0 41 149
a 94 102 0 185 200
a 94 228 0 98 140
a 94 77 0 50 169
a 94 196 0 94 45
a 94 13 0 29 15
a 94 139 0 30 120
a 94 150 0 89 78
a 94 256 0 46 17
a 94 48 0 12 33
a 94 66 0 27 162
a 96 173 0 185 99
a 96 169 0 33 50
a 96 71 0 94 101
a 102 57 0 185 72
a 102 122 0 67 127
a 102 242 0 92 189
a 113 234 0 185 69
a 113 230 0 100 94
a 113 266 0 90 149
a 113 271 0 96 85
a 113 158 0 83 8
a 114 22 0 185 200
a 114 210 0 38 16
a 114 39 0 66 107
a 114 195 0 70 96
a 114 224 0 72 76
a 114 97 0 87 77
a 114 257 0 54 66
a 114 70 0 44 146
a 115 113 0 185 98
a 115 55 0 64 19
a 115 191 0 76 52
a 115 24 0 57 110
a 115 299 0 72 156
a 115 184 0 84 88
a 116 248 0 185 200
a 116 252 0 69 84
a 116 69 0 38 108
a 116 79 0 80 186
a 116 124 0 13 183
a 116 164 0 30 173
a 116 253 0 19 23
a 118 285 0 185 200
a 118 292 0 185 200
a 118 271 0 50 189
a 118 129 0 23 11
a 121 288 0 185 200
a 121 57 0 79 172
a 121 299 0 51 19
a 121 82 0 36 38
a 121 106 0 22 184
a 121 25 0 70 99
a 121 24 0 96 108
a 121 214 0 93 14
a 121 186 0 60 129
a 121 189 0 61 173
a 138 94 0 185 200
a 138 158 0 42 50
a 138 165 0 67 133
a 138 33 0 24 113
a 138 143 0 30 56
a 158 96 0 185 200
a 158 90 0 20 145
a 160 115 0 185 200
a 160 238 0 94 54
a 160 228 0 62 120
a 160 29 0 20 177
a 160 67 0 49 57
a 160 269 0 24 10
a 160 237 0 57 155
a 169 291 0 185 200
a 169 15 0 97 92
a 169 171 0 76 92
a 169 134 0 49 166
a 169 106 0 17 177
a 172 226 0 185 135
a 172 22 0 19 150
a 172 11 0 21 130
a 172 73 0 32 82
a 172 131 0 72 109
a 172 300 0 45 141
a 172 86 0 51 46
a 172 88 0 70 200
a 173 275 0 185 200
a 173 165 0 93 171
a 173 126 0 41 45
a 173 31 0 71 76
a 173 52 0 79 20
a 173 108 0 45 172
a 173 28 0 84 6
a 173 215 0 74 54
a 173 276 0 11 24
a 173 60 0 60 162
a 190 160 0 185 137
a 190 113 0 78 188
a 190 18 0 11 50
a 190 49 0 85 66
a 190 273 0 77 6
a 204 240 0 185 200
a 204 15 0 73 125
a 204 247 0 82 37
a 204 79 0 18 114
a 204 184 0 32 2
a 204 251 0 96 50
a 204 110 0 17 155
a 204 78 0 72 129
a 204 41 0 46 174
a 204 107 0 65 182
a 204 264 0 84 119
a 226 114 0 185 16
a 226 282 0 86 150
a 226 197 0 35 87
a 226 27 0 76 175
a 232 68 0 185 10
a 232 93 0 79 33
a 232 172 0 78 141
a 232 29 0 27 159
a 232 276 0 37 188
a 232 164 0 49 120
a 232 189 0 29 61
a 232 114 0 40 143
a 232 46 0 50 191
a 234 158 0 185 200
a 234 202 0 60 150
a 234 270 0 11 41
a 234 64 0 83 51
a 239 116 0 185 14
a 239 265 0 74 95
a 239 33 0 50 30
a 239 257 0 35 165
a 239 76 0 65 172
a 239 43 0 100 180
a 240 62 0 185 200
a 240 131 0 23 64
a 240 11 0 40 121
a 240 174 0 77 99
a 240 185 0 66 36
a 248 232 0 185 200
a 248 17 0 59 21
a 248 19 0 23 44
a 248 131 0 62 11
a 275 27 0 185 144
a 275 35 0 67 189
a 275 135 0 36 77
a 275 239 0 89 17
a 275 56 0 98 194
a 275 219 0 45 40
a 275 120 0 36 69
a 278 118 0 185 100
a 278 262 0 63 45
a 278 166 0 32 87
a 278 149 0 69 178
a 278 130 0 10 191
a 278 254 0 42 96
a 278 99 0 33 78
a 285 121 0 185 200
a 285 294 0 49 65
a 285 190 0 35 92
a 288 169 0 185 200
a 288 229 0 16 105
a 291 298 0 185 200
a 291 184 0 23 22
a 291 16 0 25 94
a 291 185 0 59 141
a 291 37 0 100 60
a 7 23 0 36 200
a 7 171 0 51 30
a 7 211 0 30 62
a 7 43 0 84 44
a 7 232 0 55 13
a 7 260 0 22 157
a 7 179 0 99 111
a 7 288 0 14 156
a 7 246 0 23 100
a 7 92 0 99 200
a 10 166 0 36 200
a 10 155 0 61 199
a 10 21 0 30 26
a 10 180 0 14 75
a 10 15 0 67 150
a 10 48 0 35 45
a 10 240 0 31 165
a 10 59 0 60 186
a 14 208 0 36 200
a 14 41 0 75 179
a 14 118 0 88 128
a 14 81 0 42 150
a 14 75 0 30 131
a 14 276 0 64 90
a 14 88 0 88 17
a 17 152 0 36 200
a 17 277 0 18 197
a 17 291 0 11 187
a 17 149 0 56 65
a 17 229 0 93 81
a 17 242 0 44 112
a 17 85 0 22 14
a 17 46 0 98 28
a 17 178 0 77 59
a 17 68 0 22 197
a 17 161 0 71 50
a 17 138 0 39 40
a 20 261 0 36 200
a 20 129 0 78 35
a 20 152 0 69 48
a 23 17 0 36 46
a 23 260 0 65 195
a 23 240 0 92 64
a 23 108 0 41 59
a 23 103 0 88 195
a 24 89 0 36 91
a 24 34 0 30 12
a 24 93 0 81 26
a 24 29 0 75 130
a 32 206 0 36 200
a 32 100 0 100 29
a 32 96 0 55 89
a 32 62 0 81 57
a 32 217 0 74 36
a 32 27 0 71 31
a 32 64 0 76 63
a 32 271 0 88 151
a 32 113 0 75 9
a 32 237 0 34 87
a 36 145 0 36 200
a 36 288 0 99 166
a 36 233 0 50 121
a 36 270 0 63 67
a 36 259 0 75 126
a 36 272 0 61 181
a 36 21 0 26 152
a 36 169 0 24 185
a 36 59 0 38 159
a 36 142 0 36 41
a 44 10 0 36 200
a 44 76 0 98 198
a 44 126 0 25 41
a 44 286 0 72 63
a 44 26 0 31 50
a 44 288 0 91 188
a 44 245 0 79 194
a 44 261 0 73 102
a 44 276 0 48 146
a 55 198 0 36 91
a 55 92 0 90 57
a 55 111 0 40 122
a 55 20 0 45 145
a 55 258 0 69 44
a 55 47 0 12 35
a 55 206 0 64 77
a 55 226 0 79 84
a 60 36 0 36 200
a 60 162 0 70 99
a 60 156 0 62 143
a 60 131 0 97 149
a 60 201 0 64 181
a 60 199 0 66 148
a 60 227 0 88 50
a 60 276 0 46 84
a 60 155 0 95 189
a 67 192 0 36 200
a 67 229 0 99 26
a 67 234 0 27 33
a 67 60 0 67 192
a 67 179 0 97 110
a 67 291 0 62 94
a 89 111 0 36 200
a 89 249 0 88 75
a 89 133 0 31 115
a 89 178 0 16 101
a 101 24 0 36 200
a 101 190 0 47 132
a 101 229 0 52 191
a 101 67 0 26 78
a 101 137 0 60 15
a 101 102 0 19 198
a 101 40 0 18 107
a 101 240 0 75 78
a 101 30 0 25 21
a 103 193 0 36 121
a 103 282 0 53 153
a 103 221 0 38 187
a 103 58 0 92 198
a 103 56 0 52 107
a 103 142 0 18 104
a 103 268 0 13 72
a 103 183 0 48 138
a 111 20 0 36 200
a 111 86 0 44 193
a 111 94 0 52 200
a 111 220 0 59 131
a 111 134 0 81 116
a 111 128 0 34 87
a 111 71 0 17 140
a 111 195 0 24 194
a 126 60 0 36 200
a 126 217 0 56 74
a 126 140 0 85 176
a 126 154 0 39 55
a 126 16 0 38 168
a 126 272 0 67 157
a 126 159 0 84 2
a 126 285 0 87 3
a 126 14 0 80 102
a 126 175 0 31 196
a 137 159 0 36 200
a 137 281 0 69 109
a 137 275 0 43 171
a 137 192 0 57 187
a 137 156 0 91 21
a 137 260 0 94 122
a 137 274 0 64 195
a 137 9 0 28 23
a 137 154 0 20 121
a 145 215 0 36 200
a 145 188 0 66 20
a 145 218 0 83 161
a 145 117 0 44 159
a 145 205 0 64 31
a 152 246 0 36 135
a 152 199 0 85 109
a 152 282 0 42 108
a 152 47 0 43 79
a 152 63 0 94 13
a 152 164 0 22 69
a 152 67 0 15 66
a 159 103 0 36 200
a 159 232 0 53 173
a 159 240 0 26 172
a 159 39 0 41 43
a 159 219 0 60 38
a 159 162 0 84 23
a 166 283 0 36 73
a 166 231 0 11 32
a 166 281 0 71 14
a 166 117 0 31 174
a 166 151 0 86 13
a 166 150 0 69 73
a 166 142 0 19 4
a 166 241 0 66 71
a 166 197 0 15 29
a 187 101 0 36 200
a 187 90 0 20 135
a 187 76 0 19 40
a 187 238 0 95 147
a 187 111 0 21 53
a 187 137 0 54 106
a 187 37 0 19 180
a 187 218 0 52 185
a 191 126 0 36 200
a 191 196 0 29 130
a 191 63 0 96 96
a 191 286 0 30 49
a 191 216 0 21 101
a 191 43 0 71 5
a 191 279 0 20 2
a 191 48 0 52 174
a 192 187 0 36 167
a 192 224 0 38 145
a 192 255 0 79 12
a 192 17 0 51 120
a 192 251 0 46 189
a 192 173 0 90 8
a 192 241 0 97 56
a 192 52 0 20 43
a 192 181 0 66 142
a 192 14 0 61 196
a 192 215 0 96 16
a 193 191 0 36 200
a 193 139 0 44 42
a 193 77 0 39 192
a 193 178 0 23 118
a 193 165 0 19 197
a 193 114 0 75 35
a 193 161 0 34 28
a 193 204 0 55 56
a 193 34 0 73 164
a 197 212 0 36 167
a 197 126 0 99 89
a 198 67 0 36 200
a 198 290 0 37 26
a 198 160 0 25 48
a 198 250 0 76 121
a 198 17 0 27 48
a 206 55 0 36 200
a 206 76 0 72 104
a 206 130 0 44 86
a 206 158 0 81 92
a 208 32 0 36 113
a 208 298 0 36 200
a 208 166 0 82 31
a 208 156 0 49 94
a 208 158 0 38 96
a 208 171 0 61 129
a 208 126 0 39 121
a 208 106 0 28 11
a 210 282 0 36 200
a 210 104 0 55 187
a 210 80 0 75 61
a 210 127 0 82 80
a 210 125 0 92 146
a 210 251 0 72 75
a 210 64 0 42 98
a 212 137 0 36 52
a 212 240 0 47 189
a 212 20 0 57 12
a 212 183 0 89 60
a 215 14 0 36 11
a 215 264 0 43 145
a 215 53 0 78 9
a 215 213 0 79 10
a 215 95 0 59 30
a 215 245 0 87 131
a 215 269 0 40 189
a 215 154 0 28 169
a 215 93 0 75 181
a 215 41 0 89 72
a 246 210 0 36 183
a 246 160 0 50 66
a 246 268 0 58 166
a 246 212 0 40 67
a 246 140 0 94 44
a 246 78 0 90 144
a 261 294 0 36 200
a 261 63 0 91 115
a 261 13 0 19 147
a 261 75 0 73 147
a 261 147 0 85 132
a 261 192 0 24 173
a 261 238 0 36 153
a 261 30 0 59 48
a 261 214 0 43 193
a 261 96 0 56 38
a 282 44 0 36 167
a 282 221 0 75 91
a 282 51 0 40 49
a 282 54 0 27 9
a 283 197 0 36 200
a 283 245 0 100 7
a 283 122 0 30 138
a 283 44 0 29 121
a 283 235 0 22 9
a 283 60 0 11 172
a 283 210 0 64 36
a 283 248 0 99 116
a 283 27 0 12 158
a 8 140 0 98 200
a 8 166 0 16 59
a 8 72 0 25 100
a 8 42 0 24 64
a 8 199 0 18 94
a 8 175 0 12 107
a 8 76 0 45 128
a 8 269 0 82 102
a 35 202 0 98 200
a 35 251 0 22 66
a 40 45 0 98 133
a 40 240 0 93 43
a 40 47 0 73 141
a 40 212 0 17 124
a 40 168 0 39 146
a 40 124 0 52 6
a 40 136 0 17 40
a 40 90 0 80 176
a 40 105 0 83 106
a 45 243 0 98 200
a 45 42 0 30 112
a 45 131 0 23 189
a 45 33 0 91 80
a 45 84 0 27 64
a 45 29 0 46 135
a 50 156 0 98 142
a 50 110 0 16 147
a 50 118 0 57 86
a 50 161 0 35 98
a 50 244 0 64 17
a 50 152 0 92 82
a 50 38 0 25 27
a 50 27 0 49 97
a 64 124 0 98 200
a 64 241 0 73 87
a 64 105 0 83 184
a 64 249 0 70 132
a 64 275 0 71 29
a 64 165 0 21 56
a 64 75 0 80 75
a 75 211 0 98 185
a 75 118 0 45 22
a 75 282 0 64 197
a 75 146 0 67 4
a 75 257 0 40 7
a 76 85 0 98 200
a 76 145 0 45 157
a 76 139 0 25 180
a 76 35 0 21 57
a 78 280 0 98 200
a 78 299 0 90 149
a 78 19 0 71 87
a 78 209 0 21 145
a 85 170 0 98 187
a 85 24 0 83 67
a 85 110 0 82 124
a 85 45 0 66 89
a 85 261 0 80 57
a 85 27 0 99 175
a 85 70 0 29 45
a 92 154 0 98 200
a 92 163 0 44 134
a 92 254 0 52 54
a 92 207 0 96 8
a 95 255 0 98 97
a 95 151 0 28 101
a 95 52 0 75 34
a 95 71 0 32 119
a 95 84 0 78 60
a 95 186 0 25 161
a 95 143 0 44 21
a 106 112 0 98 200
a 106 191 0 97 62
a 106 181 0 14 115
a 106 99 0 67 196
a 106 223 0 97 141
a 106 138 0 59 28
a 106 160 0 85 116
a 112 35 0 98 42
a 112 21 0 77 92
a 112 240 0 55 5
a 112 101 0 79 187
a 124 297 0 98 108
a 124 130 0 98 200
a 124 258 0 11 171
a 124 279 0 100 166
a 124 105 0 83 69
a 124 13 0 63 111
a 124 186 0 56 39
a 124 277 0 54 120
a 124 22 0 96 33
a 124 163 0 88 52
a 130 50 0 98 200
a 130 122 0 14 186
a 130 100 0 20 149
a 130 90 0 72 45
a 130 92 0 14 158
a 130 197 0 54 84
a 130 63 0 91 138
a 130 200 0 45 78
a 130 160 0 36 8
a 140 64 0 98 46
a 140 102 0 48 2
a 140 84 0 85 56
a 140 156 0 70 68
a 140 31 0 23 70
a 140 141 0 94 173
a 140 174 0 87 64
a 140 285 0 99 196
a 140 300 0 75 183
a 154 300 0 98 84
a 154 195 0 98 200
a 154 121 0 96 29
a 154 127 0 83 153
a 154 91 0 34 115
a 154 139 0 53 74
a 154 53 0 90 174
a 154 241 0 88 191
a 156 270 0 98 190
a 156 170 0 42 64
a 168 78 0 98 200
a 168 86 0 89 60
a 168 40 0 47 79
a 168 272 0 96 176
a 168 160 0 98 65
a 168 289 0 58 122
a 170 95 0 98 105
a 170 276 0 61 7
a 170 30 0 74 71
a 170 100 0 65 23
a 170 211 0 36 67
a 170 175 0 16 103
a 171 75 0 98 200
a 171 216 0 90 9
a 171 138 0 50 16
a 171 110 0 92 15
a 171 251 0 64 5
a 171 9 0 62 49
a 171 153 0 31 58
a 180 290 0 98 200
a 180 297 0 78 50
a 180 54 0 29 95
a 180 227 0 99 187
a 180 218 0 87 185
a 180 66 0 82 119
a 180 207 0 20 122
a 180 279 0 55 199
a 188 225 0 98 200
a 188 176 0 34 134
a 188 98 0 100 94
a 188 238 0 15 107
a 188 69 0 98 43
a 195 76 0 98 76
a 195 159 0 33 8
a 195 74 0 92 105
a 195 299 0 20 71
a 195 272 0 71 87
a 202 171 0 98 68
a 202 56 0 10 22
a 202 131 0 84 116
a 202 236 0 61 70
a 202 142 0 53 96
a 202 255 0 56 163
a 202 137 0 18 62
a 202 168 0 86 173
a 211 298 0 98 200
a 211 33 0 35 160
a 211 161 0 88 92
a 218 168 0 98 121
a 218 32 0 32 136
a 218 112 0 56 38
a 218 186 0 11 32
a 218 247 0 10 93
a 218 286 0 27 172
a 225 92 0 98 37
a 225 89 0 12 81
a 225 191 0 45 150
a 225 173 0 67 128
a 243 218 0 98 200
a 243 25 0 41 150
a 243 37 0 73 26
a 243 207 0 42 142
a 243 16 0 61 74
a 255 284 0 98 200
a 255 82 0 67 177
a 255 234 0 93 107
a 255 106 0 27 172
a 265 106 0 98 56
a 265 9 0 100 48
a 265 292 0 40 63
a 270 180 0 98 100
a 270 171 0 22 6
a 270 134 0 73 65
a 280 188 0 98 198
a 280 40 0 55 48
a 280 99 0 73 158
a 280 113 0 67 130
a 280 238 0 37 78
a 280 231 0 85 112
a 280 212 0 14 83
a 284 265 0 98 200
a 284 85 0 64 192
a 284 143 0 95 97
a 284 12 0 30 103
a 284 150 0 49 95
a 284 141 0 35 100
a 290 40 0 98 20
a 290 296 0 63 122
a 290 22 0 62 58
a 290 200 0 12 174
