c PyNETGEN v1.0.0
c $ pip install pynetgen
c
c  NETGEN flow network generation algorithm
c  Problem input parameters
c  -------------------------------------
c   Random seed:          11483474
c   Number of nodes:      300
c   Source nodes:         8
c   Sink nodes:           9
c   Number of arcs:       2000
c   Minimum arc cost:     2
c   Maximum arc cost:     200
c   Total supply:         6000
c   Transshipment -
c     Sources:            0
c     Sinks:              0
c   Skeleton arcs -
c     With max cost:      50
c     Capacitated:        100
c   Minimum arc capacity: 10
c   Maximum arc capacity: 100
c
c  *** Minimum cost flow ***
c
p min 300 2000
n 1 750
n 2 1113
n 3 456
n 4 950
n 5 1035
n 6 719
n 7 363
n 8 614
n 292 -600
n 293 -470
n 294 -8
n 295 -882
n 296 -364
n 297 -1406
n 298 -253
n 299 -1264
n 300 -753
a 1 190 0 750 38
a 1 255 0 76 38
a 1 29 0 100 44
a 1 285 0 14 110
a 1 137 0 96 109
a 1 41 0 90 31
a 1 175 0 24 86
a 1 121 0 88 45
a 11 51 0 750 89
a 11 63 0 13 38
a 11 277 0 34 39
a 11 94 0 45 81
a 13 266 0 750 200
a 13 123 0 11 35
a 13 278 0 89 23
a 51 295 0 750 200
a 51 26 0 17 192
a 51 88 0 73 18
a 51 166 0 54 187
a 51 46 0 40 48
a 51 160 0 65 71
a 69 245 0 750 200
a 69 18 0 28 50
a 69 133 0 95 66
a 69 292 0 47 91
a 69 286 0 87 177
a 69 262 0 70 170
a 69 111 0 29 71
a 79 276 0 750 200
a 79 266 0 53 172
a 79 180 0 22 171
a 79 96 0 21 132
a 79 98 0 44 126
a 79 248 0 23 22
a 79 41 0 74 94
a 79 26 0 36 54
a 79 265 0 67 43
a 79 152 0 81 125
a 96 158 0 750 11
a 96 255 0 10 128
a 96 13 0 81 117
a 96 281 0 32 54
a 96 112 0 36 198
a 96 43 0 37 79
a 96 144 0 91 155
a 96 199 0 39 147
a 108 199 0 750 200
a 108 97 0 62 75
a 108 247 0 89 116
a 108 204 0 44 38
a 108 135 0 91 139
a 108 281 0 65 153
a 108 230 0 96 67
a 108 152 0 39 153
a 108 156 0 21 166
a 108 185 0 37 154
a 108 263 0 80 138
a 139 169 0 750 50
a 139 150 0 18 189
a 139 167 0 11 26
a 139 124 0 38 126
a 139 91 0 29 12
a 139 163 0 50 75
a 139 246 0 26 79
a 139 179 0 13 155
a 142 268 0 750 200
a 142 212 0 61 82
a 142 37 0 25 155
a 142 141 0 86 16
a 142 61 0 77 91
a 142 119 0 39 67
a 142 79 0 13 66
a 142 131 0 53 53
a 142 118 0 66 89
a 144 108 0 750 200
a 144 81 0 25 73
a 144 231 0 69 153
a 144 178 0 34 109
a 144 290 0 85 89
a 149 208 0 750 187
a 149 90 0 40 112
a 149 84 0 22 113
a 149 63 0 30 73
a 149 18 0 50 149
a 149 113 0 15 2
a 149 66 0 99 75
a 149 57 0 66 190
a 149 265 0 36 194
a 149 297 0 44 179
a 149 250 0 51 99
a 149 261 0 97 178
a 158 299 0 750 160
a 158 13 0 750 200
a 158 271 0 60 139
a 158 282 0 80 3
a 158 106 0 40 165
a 158 123 0 55 172
a 158 226 0 67 155
a 158 201 0 18 51
a 158 171 0 72 22
a 158 67 0 16 193
a 158 241 0 45 189
a 158 225 0 99 47
a 158 156 0 46 5
a 169 225 0 750 155
a 169 10 0 43 105
a 169 46 0 52 78
a 169 222 0 25 154
a 169 15 0 67 17
a 169 34 0 14 189
a 173 247 0 750 149
a 173 203 0 100 21
a 173 100 0 42 12
a 173 206 0 43 79
a 173 221 0 90 49
a 173 284 0 67 173
a 173 28 0 34 165
a 173 87 0 77 102
a 173 116 0 64 186
a 173 67 0 28 16
a 173 134 0 49 125
a 185 79 0 750 113
a 185 31 0 92 4
a 185 13 0 25 150
a 185 70 0 39 22
a 185 40 0 74 13
a 185 108 0 67 40
a 185 111 0 57 7
a 185 175 0 45 54
a 185 213 0 87 87
a 185 37 0 88 61
a 185 102 0 21 127
a 185 298 0 69 68
a 190 69 0 750 200
a 190 230 0 75 65
a 190 202 0 52 160
a 190 164 0 39 44
a 190 34 0 84 83
a 190 228 0 75 49
a 198 142 0 750 200
a 198 251 0 23 70
a 198 117 0 66 18
a 198 173 0 90 101
a 198 100 0 20 96
a 198 95 0 28 30
a 198 224 0 13 29
a 198 134 0 49 163
a 198 61 0 97 52
a 198 247 0 86 84
a 198 207 0 19 153
a 199 96 0 750 200
a 199 161 0 24 127
a 208 243 0 750 90
a 208 233 0 38 52
a 208 266 0 79 106
a 208 261 0 45 19
a 208 296 0 85 176
a 208 95 0 47 71
a 208 144 0 47 26
a 208 65 0 11 61
a 208 139 0 63 53
a 208 285 0 28 181
a 225 239 0 750 200
a 225 92 0 81 164
a 225 164 0 36 10
a 225 139 0 25 37
a 225 224 0 68 15
a 225 32 0 21 142
a 225 100 0 36 57
a 225 144 0 27 82
a 225 221 0 45 130
a 225 59 0 36 108
a 225 246 0 96 179
a 225 22 0 22 110
a 226 185 0 750 200
a 226 107 0 87 54
a 226 90 0 10 46
a 226 260 0 46 136
a 239 149 0 750 200
a 239 89 0 63 92
a 239 90 0 92 191
a 239 215 0 14 56
a 239 218 0 62 193
a 239 73 0 21 200
a 239 116 0 37 39
a 243 226 0 750 200
a 243 190 0 31 160
a 245 284 0 750 116
a 245 86 0 70 188
a 245 149 0 75 41
a 245 76 0 36 195
a 245 50 0 15 4
a 245 80 0 66 11
a 245 164 0 15 102
a 245 283 0 23 63
a 247 278 0 750 197
a 247 13 0 31 13
a 254 11 0 750 56
a 254 219 0 15 68
a 254 276 0 71 163
a 254 246 0 14 3
a 254 71 0 64 73
a 254 296 0 85 7
a 254 47 0 42 11
a 254 124 0 77 163
a 254 108 0 67 177
a 266 173 0 750 137
a 266 250 0 22 28
a 266 268 0 41 130
a 266 172 0 84 151
a 266 249 0 35 5
a 266 219 0 58 25
a 266 23 0 22 13
a 266 100 0 31 122
a 268 139 0 750 175
a 268 16 0 45 76
a 268 174 0 20 191
a 268 84 0 39 175
a 268 247 0 23 107
a 268 22 0 59 55
a 268 113 0 15 111
a 268 56 0 48 122
a 272 254 0 750 200
a 272 191 0 52 79
a 276 144 0 750 132
a 276 176 0 12 131
a 276 21 0 97 136
a 276 33 0 41 175
a 276 201 0 43 136
a 276 232 0 13 4
a 276 53 0 95 179
a 276 288 0 63 103
a 276 196 0 40 8
a 276 244 0 76 164
a 276 180 0 43 12
a 278 272 0 750 200
a 278 19 0 48 180
a 278 99 0 74 47
a 278 119 0 34 64
a 278 69 0 73 43
a 284 198 0 750 6
a 284 231 0 90 198
a 2 18 0 1113 200
a 2 194 0 82 38
a 2 271 0 88 95
a 9 60 0 1113 150
a 9 80 0 72 95
a 9 282 0 45 142
a 9 293 0 53 2
a 9 279 0 64 107
a 9 36 0 98 130
a 9 137 0 44 158
a 9 154 0 31 73
a 9 276 0 44 123
a 14 162 0 1113 200
a 14 131 0 49 195
a 14 223 0 56 32
a 14 175 0 54 19
a 14 112 0 46 27
a 18 186 0 1113 200
a 18 277 0 82 10
a 30 264 0 1113 200
a 30 236 0 54 81
a 30 28 0 74 64
a 30 228 0 33 22
a 30 33 0 55 95
a 30 156 0 48 144
a 30 32 0 82 184
a 30 251 0 24 5
a 30 20 0 64 74
a 48 260 0 1113 200
a 48 11 0 20 97
a 48 170 0 54 176
a 48 196 0 90 9
a 48 249 0 50 181
a 48 259 0 19 52
a 56 65 0 1113 14
a 56 160 0 23 158
a 56 246 0 29 29
a 56 22 0 68 130
a 56 244 0 29 163
a 56 47 0 28 172
a 56 229 0 94 105
a 56 175 0 37 57
a 56 250 0 98 25
a 56 99 0 84 161
a 60 126 0 1113 88
a 60 262 0 12 157
a 65 213 0 1113 200
a 65 105 0 40 111
a 65 11 0 93 14
a 87 143 0 1113 200
a 87 24 0 84 185
a 87 247 0 76 69
a 87 183 0 99 105
a 87 106 0 40 100
a 87 284 0 25 63
a 87 116 0 99 132
a 87 148 0 48 94
a 87 74 0 40 185
a 87 188 0 35 50
a 93 275 0 1113 198
a 93 34 0 65 73
a 93 219 0 67 100
a 93 22 0 72 76
a 93 82 0 82 55
a 93 114 0 63 104
a 97 261 0 1113 118
a 97 281 0 96 170
a 97 284 0 70 199
a 97 236 0 20 147
a 97 279 0 29 47
a 97 80 0 83 10
a 97 242 0 23 174
a 97 192 0 31 101
a 101 251 0 1113 200
a 101 9 0 91 153
a 101 63 0 41 156
a 101 66 0 17 46
a 101 99 0 91 125
a 101 70 0 74 18
a 101 76 0 43 51
a 101 102 0 74 192
a 101 71 0 32 126
a 101 43 0 84 163
a 112 101 0 1113 51
a 112 158 0 27 116
a 112 281 0 79 28
a 112 234 0 20 190
a 113 166 0 1113 200
a 113 173 0 60 17
a 113 134 0 69 8
a 113 294 0 71 70
a 122 9 0 1113 102
a 122 68 0 54 15
a 122 160 0 47 167
a 122 193 0 78 93
a 122 156 0 89 53
a 122 61 0 99 32
a 122 250 0 64 73
a 122 103 0 26 24
a 122 39 0 48 63
a 122 278 0 19 20
a 122 64 0 61 168
a 126 295 0 1113 121
a 126 190 0 80 36
a 126 149 0 100 163
a 126 38 0 81 92
a 128 122 0 1113 200
a 128 241 0 94 92
a 128 90 0 74 160
a 128 133 0 82 132
a 143 188 0 1113 26
a 143 38 0 92 150
a 162 223 0 1113 200
a 162 260 0 39 65
a 162 62 0 38 62
a 162 226 0 16 154
a 162 30 0 63 29
a 162 262 0 15 78
a 162 168 0 70 89
a 162 45 0 20 25
a 166 128 0 1113 200
a 166 189 0 73 29
a 166 248 0 90 139
a 166 158 0 55 113
a 166 61 0 66 185
a 166 293 0 15 188
a 166 72 0 17 151
a 166 139 0 43 191
a 166 163 0 79 125
a 166 279 0 16 183
a 166 276 0 23 74
a 171 179 0 1113 54
a 171 9 0 49 109
a 172 56 0 1113 198
a 172 199 0 17 14
a 172 164 0 94 31
a 172 11 0 74 71
a 172 66 0 93 189
a 179 14 0 1113 200
a 179 155 0 51 53
a 179 71 0 86 200
a 179 195 0 95 172
a 179 160 0 16 51
a 179 48 0 98 194
a 179 182 0 94 184
a 179 44 0 22 186
a 179 151 0 52 161
a 179 174 0 85 84
a 179 116 0 60 143
a 179 270 0 51 91
a 186 30 0 1113 200
a 186 283 0 80 75
a 186 52 0 86 87
a 186 300 0 41 106
a 186 88 0 67 59
a 186 247 0 15 103
a 188 112 0 1113 200
a 188 281 0 70 188
a 188 208 0 99 138
a 188 164 0 41 157
a 188 246 0 19 167
a 188 239 0 23 57
a 188 79 0 88 15
a 188 120 0 61 9
a 194 87 0 1113 52
a 194 211 0 65 192
a 194 126 0 66 25
a 194 280 0 79 147
a 194 240 0 31 193
a 213 194 0 1113 200
a 213 209 0 94 47
a 213 43 0 66 95
a 223 248 0 1113 200
a 223 213 0 91 172
a 223 98 0 17 65
a 223 247 0 96 29
a 223 78 0 26 52
a 223 175 0 78 106
a 223 83 0 32 177
a 223 25 0 41 132
a 230 48 0 1113 59
a 230 171 0 24 67
a 230 202 0 95 80
a 230 70 0 83 175
a 248 93 0 1113 162
a 248 275 0 89 76
a 248 171 0 56 64
a 248 114 0 20 124
a 248 77 0 17 159
a 248 227 0 35 94
a 248 83 0 89 154
a 251 171 0 1113 200
a 251 108 0 66 77
a 251 98 0 86 4
a 251 172 0 20 44
a 251 47 0 37 144
a 251 91 0 33 82
a 252 172 0 1113 200
a 252 69 0 60 138
a 252 232 0 76 174
a 252 205 0 38 159
a 252 94 0 42 73
a 252 121 0 95 122
a 252 237 0 61 137
a 252 243 0 64 45
a 252 91 0 36 82
a 252 269 0 47 128
a 252 46 0 92 92
a 252 12 0 59 152
a 260 97 0 1113 200
a 260 276 0 96 179
a 260 217 0 32 14
a 260 158 0 67 83
a 260 119 0 100 89
a 260 185 0 87 123
a 260 153 0 94 19
a 261 113 0 1113 200
a 261 129 0 51 173
a 261 215 0 70 59
a 261 82 0 11 81
a 261 259 0 15 30
a 261 162 0 22 27
a 264 279 0 1113 149
a 264 94 0 54 83
a 264 11 0 50 146
a 264 19 0 88 114
a 264 14 0 64 196
a 275 230 0 1113 7
a 275 297 0 1113 200
a 275 60 0 21 199
a 279 252 0 1113 173
a 279 228 0 53 68
a 279 37 0 34 65
a 279 36 0 66 187
a 279 55 0 95 120
a 279 135 0 54 58
a 279 111 0 67 145
a 279 155 0 16 183
a 279 136 0 78 13
a 279 77 0 17 74
a 279 31 0 56 132
a 3 153 0 456 177
a 3 109 0 21 103
a 3 127 0 27 141
a 3 169 0 75 11
a 3 125 0 73 126
a 19 74 0 456 200
a 19 123 0 66 170
a 19 231 0 52 21
a 19 210 0 30 111
a 19 103 0 92 188
a 19 39 0 62 187
a 27 234 0 456 200
a 27 281 0 61 17
a 27 284 0 63 24
a 27 232 0 86 187
a 27 130 0 49 96
a 27 16 0 28 3
a 38 19 0 456 67
a 38 122 0 70 146
a 38 176 0 21 74
a 38 233 0 64 67
a 38 106 0 35 172
a 38 298 0 83 57
a 38 56 0 45 38
a 38 62 0 36 22
a 38 98 0 69 41
a 61 38 0 456 200
a 61 228 0 23 12
a 61 207 0 43 94
a 61 210 0 13 59
a 61 182 0 65 197
a 68 106 0 456 178
a 68 14 0 45 121
a 68 271 0 64 149
a 68 102 0 83 155
a 68 85 0 53 117
a 68 92 0 13 152
a 74 288 0 456 46
a 74 257 0 48 199
a 74 71 0 97 196
a 74 225 0 28 75
a 74 172 0 71 62
a 74 221 0 53 162
a 74 183 0 19 129
a 74 216 0 12 142
a 74 115 0 93 114
a 106 183 0 456 200
a 106 15 0 28 21
a 106 14 0 25 98
a 114 134 0 456 200
a 114 56 0 95 29
a 114 220 0 96 200
a 114 21 0 16 8
a 114 283 0 86 108
a 117 68 0 456 140
a 117 91 0 84 166
a 117 79 0 30 43
a 119 127 0 456 200
a 119 190 0 19 116
a 119 41 0 60 39
a 127 131 0 456 200
a 127 243 0 45 98
a 127 130 0 72 170
a 127 222 0 69 189
a 127 297 0 10 180
a 127 225 0 44 194
a 127 124 0 15 137
a 127 285 0 53 192
a 127 77 0 35 47
a 130 176 0 456 104
a 130 70 0 86 8
a 130 256 0 31 195
a 131 255 0 456 200
a 131 66 0 96 23
a 131 152 0 81 61
a 131 243 0 40 108
a 131 68 0 39 165
a 131 277 0 90 168
a 131 35 0 29 107
a 131 118 0 95 130
a 131 231 0 23 158
a 131 237 0 90 11
a 131 162 0 54 196
a 131 49 0 47 179
a 134 263 0 456 200
a 134 192 0 49 9
a 134 77 0 53 16
a 134 230 0 57 65
a 134 131 0 73 164
a 134 299 0 98 62
a 146 114 0 456 81
a 146 208 0 66 14
a 146 198 0 89 152
a 146 53 0 26 115
a 146 127 0 96 133
a 146 151 0 96 50
a 146 194 0 83 30
a 146 188 0 53 139
a 153 117 0 456 200
a 153 160 0 99 9
a 153 152 0 70 77
a 153 50 0 50 180
a 153 14 0 32 194
a 153 282 0 66 153
a 153 82 0 73 118
a 153 143 0 27 3
a 153 56 0 80 20
a 153 188 0 61 64
a 153 215 0 65 71
a 161 27 0 456 71
a 161 10 0 70 75
a 161 164 0 34 25
a 161 209 0 21 124
a 161 78 0 93 52
a 161 129 0 37 132
a 161 283 0 73 70
a 161 289 0 12 82
a 161 233 0 68 108
a 161 172 0 60 150
a 161 141 0 83 74
a 176 300 0 456 11
a 176 209 0 13 193
a 176 61 0 54 66
a 176 106 0 84 3
a 176 213 0 75 102
a 176 149 0 14 46
a 183 237 0 456 200
a 183 53 0 30 4
a 183 105 0 40 115
a 183 228 0 44 98
a 183 268 0 47 133
a 206 119 0 456 200
a 206 10 0 50 123
a 206 207 0 12 139
a 206 213 0 40 152
a 206 169 0 68 13
a 234 61 0 456 17
a 234 67 0 100 59
a 234 196 0 96 29
a 234 289 0 56 15
a 234 174 0 81 67
a 234 138 0 27 18
a 234 167 0 73 41
a 234 255 0 42 93
a 237 161 0 456 200
a 237 56 0 39 76
a 237 19 0 27 35
a 237 136 0 66 154
a 237 186 0 47 176
a 255 130 0 456 200
a 255 125 0 40 193
a 255 91 0 55 167
a 255 17 0 57 148
a 255 183 0 56 46
a 255 296 0 12 191
a 255 275 0 79 101
a 255 286 0 28 180
a 255 36 0 62 7
a 255 133 0 80 184
a 255 14 0 40 19
a 255 230 0 95 58
a 263 206 0 456 200
a 263 135 0 81 164
a 263 119 0 86 118
a 263 259 0 33 136
a 263 85 0 63 164
a 263 12 0 47 158
a 263 11 0 51 85
a 269 146 0 456 136
a 269 27 0 44 7
a 269 288 0 64 83
a 269 101 0 56 43
a 269 227 0 28 98
a 269 97 0 54 120
a 269 99 0 99 152
a 269 10 0 34 15
a 269 222 0 49 63
a 269 197 0 46 7
a 274 293 0 456 74
a 274 291 0 456 200
a 274 140 0 70 73
a 274 199 0 12 2
a 274 16 0 12 195
a 288 274 0 456 6
a 288 193 0 82 106
a 288 117 0 29 9
a 288 61 0 80 178
a 288 125 0 31 152
a 288 128 0 90 185
a 288 272 0 95 46
a 288 266 0 46 154
a 288 144 0 30 148
a 288 19 0 14 184
a 291 269 0 456 200
a 291 106 0 50 142
a 291 247 0 83 18
a 291 210 0 34 29
a 4 271 0 950 24
a 4 162 0 96 127
a 39 82 0 950 160
a 39 75 0 89 78
a 39 289 0 11 145
a 39 214 0 27 174
a 39 149 0 35 79
a 39 146 0 75 57
a 39 299 0 88 108
a 43 123 0 950 200
a 43 55 0 51 18
a 43 115 0 47 160
a 43 225 0 79 91
a 43 228 0 29 68
a 43 28 0 36 18
a 43 53 0 62 103
a 43 139 0 75 113
a 43 231 0 82 33
a 46 204 0 950 140
a 46 112 0 28 110
a 46 105 0 32 20
a 46 118 0 53 41
a 46 53 0 74 120
a 46 124 0 78 83
a 46 140 0 75 69
a 46 111 0 53 70
a 46 266 0 42 76
a 46 280 0 30 183
a 58 157 0 950 200
a 58 134 0 78 122
a 58 200 0 99 65
a 58 264 0 96 144
a 58 261 0 77 3
a 58 86 0 32 95
a 58 50 0 39 62
a 73 78 0 950 200
a 73 19 0 85 53
a 73 92 0 87 156
a 73 187 0 19 91
a 73 114 0 76 138
a 73 268 0 74 60
a 73 124 0 24 187
a 73 93 0 90 35
a 73 263 0 96 80
a 75 98 0 950 200
a 75 152 0 99 43
a 75 223 0 33 128
a 75 100 0 55 108
a 75 193 0 14 14
a 75 21 0 59 162
a 75 219 0 39 77
a 75 222 0 69 134
a 75 199 0 59 172
a 75 276 0 34 66
a 78 120 0 950 200
a 78 48 0 30 157
a 78 144 0 28 199
a 78 124 0 71 171
a 78 69 0 28 71
a 78 91 0 66 128
a 78 75 0 82 34
a 78 154 0 21 116
a 78 70 0 85 101
a 78 49 0 23 167
a 78 30 0 32 126
a 82 177 0 950 149
a 82 233 0 61 152
a 82 286 0 82 51
a 82 186 0 65 114
a 82 171 0 99 101
a 82 276 0 84 136
a 82 216 0 78 40
a 82 255 0 60 61
a 82 127 0 66 105
a 82 163 0 88 176
a 82 71 0 14 119
a 89 187 0 950 200
a 89 140 0 81 7
a 89 103 0 95 165
a 89 138 0 82 188
a 89 274 0 36 193
a 89 168 0 18 112
a 89 197 0 38 31
a 89 157 0 88 75
a 89 39 0 81 19
a 89 113 0 28 96
a 94 232 0 950 200
a 94 40 0 66 15
a 94 198 0 37 71
a 94 151 0 70 100
a 94 139 0 82 182
a 94 243 0 83 26
a 98 73 0 950 200
a 98 238 0 39 81
a 98 57 0 90 181
a 98 111 0 77 21
a 98 242 0 97 114
a 98 154 0 40 111
a 99 174 0 950 200
a 99 61 0 64 127
a 99 279 0 57 27
a 99 55 0 73 92
a 99 233 0 42 180
a 109 293 0 950 200
a 109 79 0 92 55
a 109 178 0 49 150
a 109 9 0 58 41
a 109 76 0 99 186
a 109 278 0 86 169
a 109 108 0 16 37
a 109 215 0 66 135
a 109 35 0 27 18
a 109 127 0 90 156
a 118 227 0 950 200
a 118 269 0 65 161
a 118 241 0 46 146
a 118 251 0 75 122
a 118 158 0 17 28
a 118 247 0 67 3
a 118 64 0 31 76
a 120 212 0 950 200
a 120 134 0 55 25
a 120 90 0 11 132
a 120 158 0 39 81
a 120 67 0 100 183
a 120 227 0 99 23
a 120 45 0 83 139
a 123 189 0 950 200
a 123 237 0 95 171
a 123 134 0 77 158
a 123 48 0 22 82
a 123 81 0 88 163
a 123 10 0 47 119
a 123 288 0 46 122
a 123 84 0 99 161
a 124 192 0 950 200
a 124 49 0 82 188
a 124 257 0 94 72
a 124 168 0 17 86
a 124 282 0 88 10
a 124 196 0 96 113
a 124 102 0 38 98
a 145 39 0 950 200
a 145 257 0 14 134
a 145 226 0 75 50
a 145 98 0 31 185
a 155 43 0 950 66
a 155 131 0 100 192
a 155 10 0 62 164
a 155 227 0 64 45
a 155 52 0 79 14
a 155 296 0 85 12
a 155 260 0 66 3
a 155 249 0 42 25
a 155 61 0 63 178
a 155 100 0 91 29
a 155 217 0 78 44
a 157 124 0 950 200
a 157 256 0 73 189
a 157 257 0 59 186
a 157 52 0 96 168
a 157 208 0 41 30
a 157 51 0 36 127
a 157 35 0 10 164
a 157 116 0 89 93
a 157 176 0 64 8
a 157 246 0 57 143
a 159 289 0 950 200
a 159 157 0 45 61
a 159 278 0 11 148
a 163 99 0 950 141
a 163 197 0 10 117
a 165 299 0 950 50
a 165 118 0 950 200
a 165 138 0 90 114
a 165 17 0 76 74
a 165 56 0 82 108
a 165 86 0 75 92
a 165 225 0 24 173
a 165 91 0 66 81
a 165 24 0 71 26
a 174 175 0 950 89
a 174 124 0 45 112
a 174 143 0 97 115
a 174 37 0 60 153
a 174 155 0 68 156
a 174 297 0 98 168
a 174 264 0 50 146
a 174 51 0 20 115
a 174 207 0 35 29
a 174 156 0 60 20
a 174 269 0 34 180
a 175 75 0 950 9
a 175 197 0 99 95
a 175 294 0 36 71
a 175 83 0 30 83
a 175 11 0 14 182
a 175 185 0 57 142
a 175 180 0 45 110
a 175 116 0 11 160
a 175 262 0 64 146
a 175 257 0 73 78
a 177 163 0 950 200
a 177 269 0 48 121
a 180 165 0 950 200
a 180 173 0 53 127
a 180 246 0 77 29
a 187 94 0 950 200
a 187 145 0 61 136
a 187 78 0 88 129
a 187 28 0 67 193
a 187 48 0 28 152
a 187 57 0 98 32
a 187 34 0 35 83
a 187 35 0 63 194
a 187 124 0 82 155
a 189 267 0 950 92
a 189 212 0 99 97
a 189 221 0 92 141
a 189 265 0 86 6
a 189 47 0 71 15
a 189 299 0 36 163
a 189 100 0 33 18
a 189 232 0 51 28
a 189 291 0 18 19
a 192 145 0 950 200
a 192 34 0 65 114
a 192 186 0 52 29
a 192 31 0 51 115
a 192 35 0 33 197
a 192 92 0 93 47
a 192 202 0 10 122
a 192 57 0 46 83
a 192 137 0 62 136
a 204 285 0 950 200
a 204 118 0 58 26
a 204 40 0 44 112
a 204 246 0 41 143
a 204 120 0 36 118
a 204 193 0 85 153
a 204 112 0 57 43
a 204 206 0 97 10
a 204 17 0 26 194
a 204 224 0 79 10
a 204 46 0 79 173
a 212 246 0 950 200
a 212 49 0 77 72
a 212 242 0 68 190
a 212 283 0 38 74
a 212 213 0 13 189
a 212 83 0 81 13
a 212 56 0 72 109
a 216 159 0 950 76
a 216 174 0 49 70
a 227 155 0 950 23
a 227 84 0 41 143
a 227 297 0 41 183
a 227 181 0 88 120
a 227 54 0 60 130
a 227 206 0 69 153
a 227 139 0 10 173
a 227 87 0 86 134
a 227 121 0 31 138
a 227 169 0 58 47
a 227 195 0 74 85
a 232 180 0 950 200
a 232 240 0 58 133
a 232 51 0 74 147
a 232 298 0 60 154
a 232 61 0 59 90
a 232 297 0 98 108
a 232 119 0 44 4
a 246 109 0 950 2
a 246 263 0 11 192
a 246 90 0 31 51
a 246 184 0 28 91
a 246 197 0 85 114
a 246 20 0 73 177
a 246 33 0 80 45
a 246 35 0 47 104
a 246 156 0 86 43
a 246 300 0 10 108
a 246 102 0 45 34
a 267 46 0 950 142
a 267 285 0 70 97
a 267 158 0 52 39
a 267 295 0 51 47
a 267 201 0 58 18
a 267 177 0 93 144
a 267 42 0 47 137
a 267 242 0 30 80
a 267 248 0 100 189
a 267 34 0 64 88
a 271 89 0 950 46
a 271 69 0 95 192
a 271 240 0 86 165
a 271 132 0 17 145
a 271 246 0 23 61
a 271 148 0 26 37
a 273 58 0 950 200
a 273 236 0 36 11
a 273 53 0 39 53
a 273 238 0 89 80
a 273 32 0 32 188
a 273 166 0 36 64
a 273 165 0 11 50
a 285 216 0 950 200
a 285 209 0 44 69
a 285 156 0 85 193
a 285 220 0 80 39
a 285 250 0 34 33
a 285 15 0 84 19
a 285 198 0 38 190
a 285 76 0 21 7
a 285 213 0 79 88
a 285 230 0 18 20
a 285 159 0 51 188
a 285 185 0 32 171
a 289 273 0 950 149
a 289 112 0 29 136
a 5 290 0 1035 200
a 5 71 0 80 78
a 22 202 0 1035 102
a 22 36 0 26 72
a 22 65 0 46 4
a 22 31 0 24 78
a 22 21 0 38 111
a 22 195 0 54 128
a 22 124 0 31 31
a 22 72 0 18 169
a 23 168 0 1035 200
a 23 176 0 84 200
a 23 185 0 97 146
a 25 147 0 1035 130
a 25 192 0 28 52
a 25 60 0 69 125
a 25 44 0 53 95
a 31 102 0 1035 176
a 31 217 0 96 51
a 31 121 0 94 96
a 31 264 0 90 167
a 31 288 0 47 64
a 31 199 0 48 124
a 31 54 0 37 23
a 31 38 0 31 174
a 41 23 0 1035 200
a 41 61 0 58 49
a 41 232 0 35 184
a 41 262 0 49 184
a 41 198 0 18 17
a 41 143 0 11 31
a 44 72 0 1035 19
a 44 209 0 18 36
a 44 95 0 42 41
a 50 253 0 1035 200
a 50 198 0 94 33
a 50 61 0 32 109
a 50 242 0 97 60
a 50 286 0 37 40
a 63 170 0 1035 101
a 63 294 0 38 189
a 63 138 0 21 98
a 63 292 0 92 164
a 63 135 0 33 154
a 63 254 0 22 110
a 63 105 0 26 26
a 63 143 0 70 30
a 70 154 0 1035 200
a 70 226 0 36 156
a 70 136 0 16 195
a 70 35 0 89 80
a 70 239 0 12 184
a 70 109 0 21 134
a 70 24 0 29 39
a 70 41 0 21 71
a 70 203 0 25 125
a 72 240 0 1035 200
a 72 33 0 26 193
a 80 236 0 1035 4
a 80 185 0 95 134
a 100 250 0 1035 32
a 100 163 0 91 69
a 100 130 0 92 35
a 100 69 0 88 89
a 100 91 0 66 169
a 100 243 0 72 54
a 102 70 0 1035 137
a 102 166 0 19 113
a 102 143 0 81 82
a 102 35 0 78 73
a 102 186 0 48 44
a 102 222 0 96 88
a 102 131 0 94 169
a 129 31 0 1035 200
a 129 248 0 73 168
a 129 112 0 45 49
a 129 103 0 52 46
a 129 238 0 97 90
a 129 136 0 35 33
a 129 22 0 12 145
a 129 148 0 26 70
a 129 193 0 81 73
a 129 235 0 24 102
a 133 203 0 1035 133
a 133 222 0 51 13
a 133 115 0 96 144
a 141 182 0 1035 198
a 141 208 0 55 128
a 141 281 0 97 86
a 141 201 0 62 28
a 141 96 0 10 145
a 141 46 0 99 188
a 141 223 0 16 171
a 141 59 0 10 125
a 141 173 0 23 21
a 141 185 0 80 121
a 141 134 0 47 59
a 147 152 0 1035 200
a 147 294 0 82 160
a 147 276 0 43 44
a 147 146 0 64 141
a 152 300 0 1035 60
a 152 235 0 1035 200
a 152 243 0 100 161
a 152 31 0 22 20
a 152 12 0 76 152
a 152 142 0 59 56
a 152 47 0 91 118
a 152 105 0 25 94
a 152 135 0 21 2
a 152 66 0 51 137
a 154 44 0 1035 105
a 154 217 0 72 178
a 154 109 0 52 175
a 154 67 0 54 61
a 154 95 0 16 195
a 154 291 0 31 134
a 154 298 0 14 147
a 154 133 0 15 103
a 154 171 0 58 75
a 168 129 0 1035 200
a 168 205 0 21 86
a 168 268 0 44 48
a 168 94 0 20 95
a 168 84 0 40 90
a 168 186 0 27 45
a 168 254 0 40 139
a 168 75 0 57 61
a 168 267 0 75 115
a 168 141 0 56 186
a 168 269 0 82 151
a 170 141 0 1035 95
a 170 240 0 64 132
a 170 134 0 66 80
a 170 234 0 78 187
a 170 56 0 71 133
a 182 50 0 1035 198
a 182 279 0 79 85
a 182 170 0 18 103
a 182 135 0 54 98
a 182 270 0 39 128
a 182 130 0 21 155
a 182 230 0 41 63
a 182 207 0 42 58
a 182 52 0 67 123
a 182 172 0 32 147
a 182 227 0 60 197
a 182 100 0 55 87
a 202 297 0 1035 200
a 202 114 0 50 185
a 202 219 0 68 21
a 202 254 0 13 82
a 202 252 0 63 137
a 202 106 0 29 98
a 202 30 0 89 17
a 202 66 0 34 189
a 203 233 0 1035 170
a 203 92 0 30 38
a 203 282 0 45 155
a 203 208 0 16 73
a 203 201 0 60 47
a 203 110 0 76 110
a 203 109 0 85 135
a 203 123 0 29 80
a 233 241 0 1035 10
a 233 280 0 85 184
a 233 19 0 90 28
a 233 160 0 21 24
a 233 217 0 35 187
a 233 105 0 69 191
a 233 128 0 14 65
a 233 176 0 89 58
a 233 39 0 41 73
a 233 236 0 10 193
a 235 270 0 1035 200
a 235 248 0 82 131
a 236 133 0 1035 122
a 236 114 0 43 33
a 236 221 0 48 30
a 236 134 0 59 94
a 236 295 0 49 110
a 236 77 0 47 136
a 240 80 0 1035 13
a 240 55 0 81 22
a 240 192 0 74 132
a 240 221 0 74 70
a 240 144 0 61 41
a 240 220 0 16 188
a 240 206 0 59 17
a 240 205 0 49 70
a 240 204 0 73 71
a 240 65 0 97 119
a 240 14 0 82 79
a 240 180 0 48 44
a 241 25 0 1035 200
a 241 31 0 85 158
a 241 105 0 67 128
a 241 119 0 97 24
a 241 254 0 24 135
a 250 22 0 1035 200
a 250 288 0 58 8
a 250 141 0 84 119
a 250 40 0 20 62
a 250 122 0 78 66
a 250 207 0 77 35
a 250 112 0 57 167
a 250 161 0 34 144
a 250 179 0 49 10
a 250 209 0 36 190
a 250 154 0 75 190
a 250 197 0 45 133
a 253 100 0 1035 200
a 253 18 0 68 13
a 253 235 0 15 19
a 253 94 0 99 98
a 253 220 0 39 32
a 253 159 0 36 25
a 253 288 0 81 197
a 270 63 0 1035 200
a 270 212 0 40 75
a 270 167 0 59 115
a 270 166 0 93 111
a 270 276 0 10 62
a 270 107 0 36 70
a 290 41 0 1035 200
a 290 197 0 33 181
a 6 125 0 719 66
a 6 271 0 78 57
a 6 166 0 62 5
a 6 196 0 89 73
a 6 113 0 78 30
a 6 269 0 56 15
a 6 103 0 19 200
a 6 242 0 11 153
a 6 43 0 82 51
a 6 158 0 23 183
a 6 204 0 97 55
a 12 121 0 719 200
a 12 172 0 37 33
a 12 272 0 97 101
a 12 56 0 32 77
a 12 157 0 47 31
a 12 248 0 68 62
a 12 120 0 90 123
a 12 89 0 96 22
a 12 162 0 12 108
a 12 112 0 87 57
a 12 29 0 100 85
a 21 277 0 719 200
a 21 61 0 76 138
a 21 23 0 40 113
a 28 256 0 719 43
a 28 65 0 37 186
a 28 171 0 98 82
a 28 18 0 30 137
a 28 69 0 77 162
a 28 167 0 33 168
a 28 79 0 29 125
a 32 21 0 719 143
a 32 292 0 719 200
a 32 240 0 60 155
a 32 135 0 51 100
a 33 90 0 719 106
a 33 100 0 14 92
a 33 240 0 56 36
a 33 24 0 69 136
a 42 110 0 719 200
a 42 176 0 87 166
a 42 289 0 84 44
a 42 225 0 70 5
a 42 36 0 17 148
a 42 199 0 12 147
a 42 67 0 18 25
a 42 270 0 53 185
a 42 64 0 34 152
a 42 19 0 81 141
a 42 227 0 27 148
a 42 118 0 75 94
a 45 132 0 719 200
a 45 28 0 31 70
a 47 83 0 719 200
a 47 123 0 36 121
a 47 183 0 95 8
a 47 64 0 74 22
a 47 200 0 75 144
a 47 46 0 27 183
a 54 84 0 719 167
a 54 167 0 64 125
a 54 291 0 13 43
a 54 125 0 49 98
a 54 72 0 16 58
a 54 14 0 10 107
a 54 181 0 59 11
a 54 198 0 64 164
a 54 92 0 63 75
a 54 85 0 26 16
a 54 136 0 16 29
a 54 203 0 38 41
a 55 28 0 719 54
a 55 147 0 13 93
a 55 203 0 70 3
a 55 251 0 63 16
a 55 34 0 79 2
a 55 107 0 43 115
a 55 170 0 98 176
a 55 183 0 62 71
a 55 196 0 96 185
a 55 14 0 54 124
a 57 220 0 719 200
a 57 197 0 26 123
a 57 26 0 47 135
a 57 110 0 12 58
a 57 79 0 31 193
a 67 57 0 719 37
a 67 15 0 71 101
a 67 154 0 77 69
a 67 70 0 26 84
a 67 103 0 17 137
a 67 68 0 62 66
a 67 101 0 64 99
a 67 14 0 16 148
a 77 32 0 719 200
a 77 195 0 81 92
a 77 236 0 34 56
a 77 190 0 23 25
a 77 202 0 50 90
a 77 95 0 22 70
a 77 156 0 18 175
a 77 270 0 57 166
a 77 40 0 94 139
a 83 12 0 719 55
a 83 267 0 37 104
a 83 177 0 52 6
a 83 221 0 67 14
a 83 230 0 82 154
a 83 99 0 67 132
a 84 91 0 719 49
a 84 226 0 33 61
a 84 240 0 32 85
a 84 85 0 47 159
a 84 163 0 19 172
a 84 296 0 24 128
a 84 229 0 49 133
a 84 146 0 91 25
a 84 31 0 52 118
a 84 104 0 72 192
a 85 47 0 719 114
a 85 121 0 10 94
a 85 41 0 51 133
a 85 278 0 58 179
a 90 281 0 719 200
a 90 270 0 42 13
a 90 181 0 60 122
a 90 178 0 54 135
a 90 292 0 88 19
a 90 17 0 30 114
a 90 112 0 33 190
a 91 138 0 719 46
a 91 13 0 62 118
a 91 102 0 20 195
a 91 117 0 11 6
a 91 46 0 80 95
a 91 213 0 85 126
a 91 161 0 33 15
a 91 164 0 70 31
a 91 31 0 69 97
a 91 48 0 59 179
a 110 265 0 719 200
a 110 152 0 60 77
a 110 286 0 30 61
a 115 228 0 719 200
a 115 193 0 25 170
a 115 255 0 77 26
a 115 73 0 17 147
a 121 45 0 719 54
a 121 237 0 10 115
a 125 55 0 719 170
a 125 35 0 17 153
a 125 278 0 25 90
a 132 33 0 719 200
a 132 173 0 73 147
a 132 151 0 49 131
a 138 148 0 719 200
a 138 146 0 34 34
a 148 197 0 719 181
a 148 137 0 51 177
a 148 299 0 27 150
a 148 290 0 43 69
a 148 130 0 44 54
a 197 67 0 719 15
a 197 284 0 76 8
a 197 207 0 61 6
a 197 25 0 86 92
a 197 119 0 68 153
a 197 72 0 22 9
a 197 47 0 44 74
a 218 85 0 719 200
a 218 10 0 94 188
a 220 115 0 719 200
a 220 217 0 99 183
a 220 296 0 12 112
a 220 173 0 55 188
a 220 99 0 14 120
a 220 195 0 18 149
a 220 280 0 94 23
a 220 286 0 64 42
a 220 114 0 11 51
a 220 209 0 70 19
a 220 245 0 75 62
a 220 109 0 100 48
a 228 42 0 719 2
a 228 200 0 97 95
a 228 250 0 64 2
a 228 271 0 37 49
a 228 199 0 26 188
a 228 252 0 68 128
a 228 130 0 60 57
a 228 89 0 72 143
a 228 234 0 55 38
a 228 222 0 10 119
a 228 103 0 94 172
a 228 21 0 70 193
a 256 77 0 719 149
a 256 76 0 21 48
a 256 216 0 10 54
a 256 281 0 85 42
a 256 220 0 20 145
a 256 230 0 12 128
a 256 291 0 33 46
a 256 49 0 32 67
a 256 298 0 57 153
a 259 54 0 719 200
a 259 277 0 46 103
a 265 218 0 719 184
a 265 39 0 38 200
a 265 49 0 63 123
a 265 76 0 68 13
a 265 163 0 64 130
a 265 171 0 22 127
a 265 10 0 79 7
a 265 199 0 52 44
a 265 106 0 83 200
a 265 121 0 42 119
a 265 243 0 45 6
a 265 158 0 25 35
a 277 259 0 719 200
a 277 114 0 28 176
a 277 131 0 72 178
a 277 247 0 66 56
a 277 224 0 35 149
a 277 40 0 24 108
a 277 289 0 41 110
a 277 187 0 48 181
a 281 282 0 719 200
a 281 275 0 89 101
a 281 48 0 13 30
a 281 129 0 40 71
a 281 109 0 46 106
a 281 138 0 62 38
a 281 62 0 95 81
a 282 295 0 719 126
a 282 245 0 41 54
a 282 247 0 72 140
a 282 17 0 68 129
a 282 267 0 12 179
a 282 58 0 31 17
a 282 161 0 31 186
a 282 13 0 60 63
a 282 135 0 49 125
a 282 15 0 88 182
a 282 227 0 93 23
a 7 219 0 363 119
a 7 211 0 71 140
a 7 249 0 60 86
a 7 85 0 39 99
a 10 52 0 363 119
a 10 244 0 89 152
a 10 154 0 37 15
a 10 50 0 78 40
a 10 22 0 37 80
a 10 87 0 72 6
a 10 147 0 93 185
a 10 72 0 98 128
a 10 195 0 64 74
a 17 196 0 363 27
a 17 296 0 23 153
a 20 298 0 363 200
a 20 116 0 363 81
a 20 184 0 53 143
a 20 282 0 91 65
a 20 114 0 91 73
a 20 270 0 22 81
a 26 40 0 363 97
a 26 251 0 20 32
a 26 176 0 53 129
a 26 262 0 86 113
a 26 175 0 28 22
a 26 151 0 94 119
a 35 160 0 363 200
a 35 199 0 19 22
a 35 134 0 86 85
a 35 210 0 98 56
a 35 140 0 41 89
a 40 191 0 363 54
a 40 54 0 86 118
a 40 44 0 88 87
a 40 26 0 43 38
a 40 68 0 63 107
a 40 185 0 40 165
a 40 22 0 10 55
a 40 104 0 17 186
a 52 209 0 363 114
a 52 258 0 49 129
a 52 152 0 55 39
a 52 16 0 40 152
a 52 198 0 95 119
a 52 277 0 100 109
a 52 197 0 91 161
a 53 150 0 363 200
a 53 248 0 72 157
a 53 169 0 61 119
a 53 297 0 40 198
a 53 77 0 98 178
a 53 101 0 75 58
a 59 10 0 363 16
a 59 235 0 72 50
a 59 205 0 73 89
a 59 41 0 69 191
a 59 105 0 44 151
a 59 66 0 21 48
a 59 193 0 96 133
a 59 179 0 71 119
a 71 283 0 363 45
a 71 232 0 96 28
a 71 219 0 35 115
a 71 52 0 72 27
a 86 184 0 363 200
a 86 260 0 34 154
a 86 137 0 38 143
a 86 236 0 94 108
a 86 133 0 84 13
a 86 195 0 30 48
a 86 206 0 91 182
a 86 11 0 60 84
a 86 89 0 36 64
a 88 137 0 363 126
a 88 106 0 25 16
a 88 282 0 25 29
a 88 174 0 20 132
a 88 295 0 70 57
a 88 283 0 52 93
a 88 151 0 41 129
a 88 160 0 73 26
a 88 30 0 42 151
a 88 297 0 47 84
a 88 28 0 47 18
a 103 86 0 363 163
a 103 126 0 32 83
a 104 135 0 363 200
a 104 111 0 31 187
a 104 197 0 71 68
a 104 148 0 84 8
a 111 215 0 363 200
a 111 274 0 43 135
a 111 112 0 52 4
a 116 164 0 363 69
a 116 159 0 83 45
a 116 12 0 16 81
a 116 274 0 27 111
a 116 199 0 53 38
a 116 160 0 27 134
a 116 32 0 36 57
a 116 222 0 77 158
a 116 242 0 97 107
a 116 115 0 10 3
a 116 240 0 78 67
a 116 93 0 74 128
a 135 26 0 363 200
a 135 89 0 69 189
a 135 37 0 65 64
a 135 198 0 83 172
a 135 256 0 45 135
a 135 183 0 16 119
a 135 245 0 54 29
a 135 147 0 76 59
a 135 288 0 82 109
a 135 118 0 31 173
a 137 258 0 363 166
a 137 244 0 73 200
a 137 73 0 83 76
a 137 132 0 96 70
a 137 192 0 39 30
a 137 271 0 43 116
a 137 213 0 100 56
a 137 292 0 69 80
a 150 59 0 363 200
a 150 170 0 56 184
a 150 188 0 62 99
a 150 258 0 62 149
a 150 22 0 84 2
a 150 232 0 43 198
a 151 214 0 363 73
a 151 259 0 88 77
a 151 100 0 21 172
a 151 93 0 36 196
a 151 25 0 43 46
a 151 281 0 13 134
a 151 236 0 71 126
a 151 246 0 52 52
a 160 210 0 363 200
a 160 60 0 39 6
a 160 151 0 82 190
a 160 20 0 38 56
a 160 134 0 84 144
a 160 70 0 50 46
a 160 123 0 72 161
a 160 272 0 59 91
a 160 234 0 25 163
a 160 216 0 59 172
a 160 207 0 81 101
a 160 143 0 97 72
a 164 111 0 363 200
a 164 232 0 99 126
a 164 63 0 95 161
a 164 223 0 96 151
a 164 13 0 28 43
a 184 88 0 363 200
a 184 119 0 24 120
a 184 72 0 22 26
a 184 97 0 40 155
a 184 49 0 59 134
a 184 118 0 37 137
a 184 153 0 76 146
a 184 165 0 64 161
a 184 28 0 54 33
a 184 298 0 60 97
a 184 289 0 53 10
a 184 223 0 91 160
a 191 222 0 363 57
a 191 91 0 38 185
a 191 86 0 30 90
a 191 171 0 31 158
a 191 73 0 56 46
a 191 195 0 66 89
a 191 11 0 37 107
a 191 218 0 18 144
a 191 165 0 83 196
a 191 272 0 73 138
a 191 287 0 88 107
a 191 28 0 22 63
a 196 151 0 363 159
a 196 141 0 76 109
a 196 121 0 90 155
a 196 254 0 10 2
a 196 70 0 41 182
a 196 174 0 20 124
a 196 247 0 20 170
a 207 20 0 363 200
a 207 225 0 34 46
a 207 161 0 75 79
a 209 17 0 363 33
a 209 50 0 96 47
a 209 141 0 77 128
a 209 94 0 93 173
a 209 133 0 60 170
a 209 221 0 60 98
a 209 12 0 65 24
a 209 242 0 31 152
a 209 123 0 38 190
a 209 215 0 21 129
a 210 280 0 363 111
a 210 99 0 31 112
a 210 188 0 28 86
a 210 272 0 77 165
a 210 84 0 56 190
a 210 208 0 74 194
a 210 219 0 18 29
a 214 104 0 363 191
a 214 85 0 90 62
a 215 224 0 363 128
a 215 262 0 79 179
a 215 218 0 96 4
a 219 221 0 363 200
a 219 203 0 47 58
a 221 71 0 363 200
a 221 95 0 48 39
a 221 166 0 73 40
a 221 207 0 28 136
a 221 112 0 87 55
a 221 272 0 39 3
a 221 24 0 66 62
a 221 63 0 80 172
a 222 35 0 363 200
a 222 153 0 19 169
a 222 75 0 53 66
a 224 292 0 363 200
a 224 106 0 28 115
a 224 296 0 17 160
a 224 130 0 70 97
a 224 256 0 67 149
a 224 167 0 32 144
a 224 97 0 90 29
a 224 238 0 65 18
a 224 68 0 42 141
a 224 79 0 26 102
a 258 207 0 363 200
a 258 296 0 31 78
a 258 193 0 14 5
a 258 135 0 71 6
a 258 150 0 24 104
a 258 134 0 10 181
a 258 111 0 29 5
a 258 85 0 74 41
a 258 89 0 90 133
a 280 103 0 363 163
a 280 43 0 86 69
a 280 99 0 30 4
a 283 53 0 363 200
a 283 222 0 36 195
a 283 54 0 35 161
a 283 286 0 52 89
a 283 233 0 59 138
a 283 44 0 86 67
a 283 24 0 18 3
a 283 235 0 96 186
a 283 127 0 97 191
a 283 75 0 79 154
a 8 16 0 614 8
a 8 114 0 89 82
a 8 215 0 75 65
a 8 276 0 12 138
a 8 207 0 96 10
a 8 96 0 35 143
a 8 163 0 66 142
a 8 258 0 78 147
a 8 11 0 11 121
a 15 201 0 614 72
a 15 84 0 78 82
a 15 251 0 78 65
a 15 16 0 86 56
a 15 217 0 73 75
a 15 90 0 87 136
a 16 200 0 614 61
a 16 181 0 83 36
a 16 224 0 37 42
a 16 244 0 79 101
a 16 84 0 62 174
a 16 70 0 26 27
a 16 231 0 35 73
a 16 27 0 56 46
a 16 275 0 44 24
a 16 80 0 80 151
a 24 238 0 614 200
a 24 19 0 58 197
a 24 176 0 61 14
a 24 273 0 54 62
a 24 14 0 64 174
a 24 270 0 100 39
a 24 221 0 50 34
a 24 260 0 78 11
a 29 37 0 614 200
a 29 205 0 98 159
a 29 36 0 55 45
a 29 292 0 65 114
a 29 244 0 89 74
a 29 62 0 70 136
a 29 176 0 14 116
a 29 135 0 46 58
a 29 122 0 44 186
a 29 50 0 25 194
a 29 28 0 69 66
a 34 205 0 614 200
a 34 145 0 13 139
a 34 9 0 62 190
a 34 31 0 31 111
a 34 92 0 72 51
a 34 291 0 45 95
a 34 214 0 17 147
a 34 55 0 18 86
a 34 44 0 97 33
a 34 239 0 19 99
a 36 140 0 614 200
a 36 296 0 614 200
a 36 149 0 33 121
a 36 183 0 15 131
a 37 242 0 614 107
a 37 239 0 29 61
a 37 209 0 72 118
a 49 295 0 614 77
a 49 20 0 97 16
a 49 32 0 93 106
a 49 79 0 65 160
a 49 288 0 35 125
a 49 224 0 73 132
a 49 126 0 83 81
a 49 90 0 89 42
a 49 297 0 68 24
a 49 145 0 91 111
a 62 249 0 614 200
a 62 129 0 43 78
a 62 199 0 53 37
a 62 26 0 45 167
a 62 239 0 37 84
a 62 203 0 56 24
a 62 270 0 44 135
a 64 193 0 614 3
a 64 252 0 85 71
a 64 232 0 72 103
a 64 18 0 18 32
a 64 168 0 52 193
a 66 49 0 614 200
a 66 228 0 87 102
a 66 132 0 67 40
a 66 250 0 47 198
a 66 97 0 29 42
a 66 14 0 24 70
a 66 232 0 83 189
a 76 15 0 614 200
a 76 98 0 85 26
a 76 64 0 95 174
a 76 178 0 25 134
a 76 38 0 22 159
a 76 227 0 39 182
a 76 33 0 74 120
a 76 266 0 58 140
a 81 66 0 614 200
a 81 54 0 19 59
a 81 58 0 85 179
a 81 286 0 50 68
a 81 118 0 22 145
a 81 257 0 60 96
a 81 43 0 20 43
a 81 132 0 66 61
a 81 11 0 40 155
a 81 155 0 59 30
a 81 124 0 71 168
a 92 81 0 614 37
a 92 249 0 97 180
a 92 52 0 25 64
a 92 158 0 29 187
a 92 159 0 39 136
a 92 205 0 49 154
a 92 207 0 100 55
a 92 157 0 88 114
a 92 31 0 26 113
a 92 222 0 51 14
a 92 206 0 67 154
a 95 29 0 614 200
a 95 183 0 27 78
a 105 262 0 614 200
a 105 184 0 51 108
a 105 270 0 73 88
a 105 296 0 18 117
a 105 164 0 52 7
a 107 62 0 614 200
a 107 93 0 58 58
a 107 179 0 68 9
a 107 60 0 66 118
a 107 294 0 78 166
a 107 233 0 61 52
a 107 206 0 66 159
a 107 178 0 74 90
a 136 92 0 614 200
a 136 174 0 41 199
a 136 91 0 30 23
a 136 46 0 71 47
a 136 137 0 80 186
a 140 211 0 614 93
a 140 269 0 59 161
a 140 101 0 100 32
a 140 100 0 72 145
a 140 282 0 71 192
a 140 176 0 84 47
a 140 243 0 24 109
a 140 113 0 20 21
a 156 76 0 614 111
a 156 257 0 20 68
a 156 245 0 60 142
a 156 213 0 16 189
a 156 61 0 54 80
a 156 242 0 62 57
a 156 188 0 27 159
a 167 36 0 614 200
a 167 41 0 66 127
a 167 216 0 30 119
a 167 121 0 20 39
a 167 256 0 58 12
a 167 87 0 30 37
a 178 287 0 614 200
a 178 279 0 89 127
a 178 96 0 53 44
a 181 244 0 614 4
a 181 24 0 76 171
a 181 9 0 85 64
a 181 239 0 86 148
a 181 186 0 47 200
a 193 24 0 614 153
a 193 134 0 76 160
a 193 264 0 15 143
a 193 11 0 71 61
a 193 52 0 64 176
a 193 221 0 47 132
a 193 195 0 94 177
a 193 140 0 43 20
a 193 49 0 97 152
a 195 229 0 614 200
a 195 66 0 85 165
a 195 166 0 20 23
a 195 112 0 74 134
a 195 193 0 85 181
a 195 174 0 86 163
a 195 36 0 37 200
a 195 265 0 58 114
a 195 17 0 20 15
a 195 230 0 19 183
a 200 217 0 614 200
a 200 261 0 60 159
a 200 47 0 88 79
a 201 178 0 614 47
a 201 100 0 36 193
a 201 208 0 52 164
a 201 159 0 37 109
a 201 177 0 89 82
a 201 87 0 87 58
a 201 234 0 23 21
a 205 257 0 614 155
a 205 294 0 614 200
a 205 93 0 15 189
a 205 84 0 33 108
a 211 195 0 614 200
a 211 15 0 11 76
a 211 131 0 26 12
a 211 71 0 14 148
a 211 174 0 62 113
a 211 277 0 63 10
a 211 88 0 73 82
a 217 107 0 614 200
a 217 253 0 33 103
a 217 103 0 41 93
a 217 196 0 39 151
a 217 112 0 70 86
a 217 11 0 43 130
a 217 232 0 92 46
a 217 81 0 58 117
a 217 135 0 28 118
a 229 286 0 614 143
a 229 15 0 54 20
a 229 182 0 11 191
a 229 203 0 19 170
a 229 94 0 74 3
a 231 136 0 614 185
a 231 299 0 614 117
a 231 152 0 63 75
a 231 71 0 35 110
a 231 218 0 55 2
a 238 34 0 614 200
a 238 83 0 17 49
a 238 9 0 29 47
a 238 42 0 58 44
a 238 195 0 23 77
a 238 109 0 84 192
a 238 14 0 52 196
a 238 10 0 62 138
a 238 154 0 83 126
a 242 64 0 614 156
a 242 97 0 73 152
a 244 156 0 614 200
a 244 216 0 83 126
a 244 96 0 29 121
a 244 178 0 44 152
a 244 236 0 32 7
a 249 181 0 614 6
a 249 149 0 84 164
a 249 135 0 29 75
a 249 136 0 75 24
a 249 29 0 44 57
a 249 154 0 31 86
a 257 167 0 614 156
a 257 255 0 17 63
a 257 36 0 74 114
a 257 278 0 52 84
a 257 131 0 71 133
a 257 197 0 16 86
a 257 238 0 65 13
a 257 44 0 100 88
a 257 116 0 14 67
a 262 231 0 614 200
a 262 104 0 99 89
a 262 229 0 88 88
a 262 95 0 66 165
a 262 199 0 74 144
a 262 73 0 18 13
a 286 105 0 614 128
a 286 62 0 98 129
a 286 29 0 23 84
a 286 298 0 95 177
a 286 164 0 12 88
a 286 96 0 40 129
a 287 95 0 614 196
a 287 220 0 18 188
