c PyNETGEN v1.0.0
c $ pip install pynetgen
c
c  NETGEN flow network generation algorithm
c  Problem input parameters
c  -------------------------------------
c   Random seed:          86424209
c   Number of nodes:      600
c   Source nodes:         10
c   Sink nodes:           10
c   Number of arcs:       5000
c   Minimum arc cost:     1
c   Maximum arc cost:     50
c   Total supply:         3000
c   Transshipment -
c     Sources:            0
c     Sinks:              0
c   Skeleton arcs -
c     With max cost:      50
c     Capacitated:        100
c   Minimum arc capacity: 1
c   Maximum arc capacity: 10
c
c  *** Minimum cost flow ***
c
p min 600 5000
n 1 484
n 2 234
n 3 82
n 4 256
n 5 236
n 6 300
n 7 195
n 8 300
n 9 508
n 10 405
n 591 -152
n 592 -179
n 593 -564
n 594 -57
n 595 -556
n 596 -164
n 597 -112
n 598 -809
n 599 -129
n 600 -278
a 1 396 0 484 5
a 1 173 0 2 48
a 1 211 0 4 30
a 1 153 0 4 24
a 1 335 0 1 4
a 1 336 0 4 43
a 1 29 0 10 5
a 1 255 0 1 3
a 1 218 0 6 42
a 1 469 0 5 16
a 1 320 0 1 14
a 1 261 0 8 10
a 1 18 0 6 10
a 12 489 0 484 50
a 12 141 0 1 16
a 12 207 0 5 27
a 15 288 0 484 1
a 15 107 0 4 7
a 15 568 0 6 28
a 23 598 0 484 50
a 23 99 0 484 17
a 23 164 0 3 28
a 23 25 0 2 1
a 23 117 0 6 39
a 23 556 0 7 2
a 23 16 0 10 32
a 23 567 0 3 17
a 23 489 0 6 38
a 23 418 0 2 21
a 23 539 0 5 50
a 23 345 0 3 9
a 23 374 0 7 13
a 23 343 0 4 8
a 23 583 0 5 30
a 23 225 0 7 41
a 24 290 0 484 41
a 24 30 0 8 15
a 24 491 0 3 29
a 24 494 0 7 48
a 24 388 0 3 28
a 24 387 0 2 46
a 24 121 0 10 4
a 24 503 0 1 21
a 24 76 0 6 7
a 24 44 0 6 42
a 24 451 0 9 20
a 25 574 0 484 43
a 25 451 0 3 2
a 25 489 0 2 46
a 25 421 0 4 41
a 25 376 0 3 39
a 57 508 0 484 50
a 57 357 0 2 34
a 57 595 0 10 16
a 57 574 0 1 31
a 57 158 0 1 42
a 57 597 0 7 33
a 57 444 0 5 3
a 57 164 0 1 17
a 57 138 0 6 27
a 57 502 0 9 29
a 57 154 0 2 12
a 57 487 0 7 29
a 57 335 0 1 44
a 57 348 0 8 36
a 57 413 0 9 46
a 63 15 0 484 17
a 63 545 0 7 19
a 63 188 0 3 14
a 63 75 0 5 35
a 63 202 0 3 12
a 63 274 0 1 2
a 63 386 0 4 31
a 63 106 0 3 37
a 63 276 0 3 38
a 63 384 0 9 10
a 63 245 0 5 18
a 77 303 0 484 50
a 77 11 0 7 43
a 77 499 0 5 15
a 84 382 0 484 50
a 84 397 0 3 17
a 84 228 0 1 50
a 84 150 0 9 25
a 84 413 0 8 12
a 92 25 0 484 40
a 92 18 0 9 44
a 92 414 0 10 14
a 92 231 0 7 27
a 92 412 0 10 3
a 92 553 0 3 41
a 92 211 0 3 39
a 99 595 0 484 50
a 99 376 0 2 49
a 108 23 0 484 28
a 108 359 0 4 6
a 108 460 0 7 7
a 108 500 0 1 33
a 108 231 0 4 30
a 108 407 0 5 4
a 108 225 0 2 37
a 123 92 0 484 50
a 123 574 0 1 11
a 123 45 0 3 6
a 151 589 0 484 50
a 151 553 0 7 19
a 151 140 0 9 4
a 151 22 0 9 24
a 151 521 0 9 49
a 151 485 0 6 11
a 151 77 0 4 42
a 151 255 0 4 33
a 151 346 0 3 27
a 151 530 0 7 7
a 151 93 0 5 11
a 151 359 0 8 30
a 151 41 0 6 39
a 151 342 0 5 50
a 151 33 0 8 40
a 156 577 0 484 50
a 156 283 0 1 47
a 156 70 0 10 48
a 156 144 0 4 3
a 156 425 0 8 31
a 169 426 0 484 12
a 169 18 0 7 39
a 169 338 0 2 3
a 169 323 0 8 41
a 169 490 0 7 39
a 169 498 0 1 15
a 169 405 0 5 33
a 181 151 0 484 50
a 181 173 0 7 6
a 181 375 0 9 10
a 181 556 0 2 10
a 181 234 0 5 42
a 181 99 0 4 39
a 181 287 0 8 4
a 181 593 0 10 24
a 181 70 0 6 21
a 181 19 0 4 45
a 181 204 0 9 18
a 181 457 0 3 25
a 182 77 0 484 37
a 182 574 0 10 15
a 182 292 0 10 22
a 182 98 0 10 33
a 182 162 0 8 4
a 182 42 0 5 10
a 182 582 0 2 26
a 189 222 0 484 50
a 189 412 0 2 4
a 189 14 0 6 33
a 202 181 0 484 50
a 202 353 0 6 14
a 202 342 0 8 32
a 202 575 0 4 49
a 202 30 0 2 21
a 202 424 0 2 43
a 202 26 0 4 45
a 209 338 0 484 50
a 209 469 0 8 20
a 209 585 0 9 10
a 222 24 0 484 50
a 222 185 0 8 9
a 222 554 0 7 16
a 222 136 0 4 48
a 222 11 0 6 27
a 222 484 0 9 26
a 222 314 0 1 21
a 222 50 0 9 37
a 222 397 0 10 24
a 222 153 0 8 28
a 222 282 0 10 14
a 222 184 0 7 12
a 222 176 0 8 26
a 222 560 0 6 48
a 222 229 0 8 13
a 229 532 0 484 50
a 229 572 0 9 35
a 229 317 0 6 48
a 229 274 0 3 21
a 229 57 0 5 6
a 229 246 0 6 40
a 229 167 0 6 43
a 229 473 0 4 5
a 229 599 0 5 26
a 229 343 0 7 36
a 229 258 0 8 32
a 229 342 0 1 11
a 229 49 0 9 7
a 229 488 0 10 24
a 229 37 0 1 29
a 236 453 0 484 5
a 236 224 0 2 15
a 236 475 0 6 24
a 236 584 0 7 1
a 236 596 0 10 22
a 236 456 0 3 14
a 236 408 0 1 34
a 236 19 0 5 13
a 236 137 0 9 8
a 236 92 0 4 26
a 236 114 0 5 44
a 236 39 0 9 14
a 240 169 0 484 25
a 240 427 0 4 13
a 240 515 0 6 42
a 240 166 0 2 20
a 240 490 0 5 39
a 240 87 0 6 22
a 245 202 0 484 50
a 245 133 0 9 43
a 245 483 0 9 41
a 245 433 0 5 29
a 245 377 0 6 29
a 245 491 0 10 50
a 245 388 0 10 30
a 245 360 0 2 2
a 245 175 0 2 12
a 245 447 0 4 23
a 288 570 0 484 50
a 288 228 0 5 14
a 288 121 0 3 5
a 288 280 0 1 38
a 288 351 0 1 11
a 288 521 0 7 24
a 288 450 0 7 36
a 290 566 0 484 27
a 290 505 0 5 42
a 290 328 0 9 21
a 290 525 0 1 10
a 290 425 0 8 27
a 290 86 0 5 45
a 290 73 0 7 34
a 290 28 0 9 2
a 303 477 0 484 30
a 303 514 0 6 12
a 303 115 0 5 14
a 303 213 0 7 33
a 303 368 0 7 39
a 303 566 0 7 19
a 303 103 0 1 4
a 303 126 0 9 9
a 303 277 0 1 19
a 303 258 0 1 30
a 303 479 0 5 23
a 303 226 0 9 1
a 303 562 0 3 35
a 303 248 0 3 47
a 303 237 0 2 46
a 328 533 0 484 50
a 328 525 0 4 15
a 328 230 0 5 24
a 328 434 0 7 13
a 328 86 0 2 5
a 328 35 0 10 25
a 328 503 0 10 44
a 328 101 0 1 39
a 338 108 0 484 3
a 338 574 0 8 35
a 338 485 0 1 9
a 338 27 0 3 18
a 338 317 0 10 49
a 382 515 0 484 50
a 382 595 0 6 19
a 382 430 0 6 3
a 382 356 0 5 33
a 382 301 0 1 5
a 382 68 0 1 49
a 382 136 0 4 20
a 382 122 0 1 41
a 393 442 0 484 16
a 393 248 0 9 29
a 393 556 0 9 18
a 393 336 0 8 28
a 393 281 0 8 8
a 393 419 0 6 31
a 395 507 0 484 48
a 395 432 0 8 4
a 396 450 0 484 41
a 396 250 0 3 27
a 396 78 0 2 18
a 396 178 0 7 24
a 396 87 0 8 29
a 396 585 0 5 43
a 396 423 0 1 39
a 396 555 0 2 38
a 396 535 0 5 45
a 396 516 0 5 15
a 396 92 0 9 13
a 396 17 0 6 20
a 396 180 0 6 25
a 426 156 0 484 50
a 426 318 0 4 48
a 426 512 0 2 33
a 426 256 0 2 12
a 426 306 0 7 21
a 426 548 0 8 18
a 426 588 0 4 42
a 426 222 0 5 23
a 426 320 0 10 20
a 426 188 0 7 36
a 442 209 0 484 50
a 442 453 0 5 6
a 442 126 0 10 13
a 442 502 0 6 37
a 442 584 0 5 10
a 442 35 0 9 12
a 442 472 0 2 24
a 450 229 0 484 50
a 450 280 0 4 14
a 450 296 0 10 38
a 450 208 0 6 19
a 453 84 0 484 15
a 453 184 0 1 32
a 455 182 0 484 39
a 455 204 0 5 26
a 455 275 0 3 29
a 455 562 0 8 23
a 455 586 0 3 44
a 455 554 0 1 34
a 455 335 0 8 36
a 455 192 0 7 36
a 455 114 0 8 21
a 477 587 0 484 50
a 477 179 0 5 25
a 477 467 0 8 47
a 477 128 0 9 1
a 477 164 0 5 16
a 477 536 0 8 34
a 489 328 0 484 50
a 489 127 0 5 36
a 489 39 0 6 34
a 506 585 0 484 36
a 506 441 0 6 3
a 506 578 0 8 41
a 506 293 0 5 2
a 506 288 0 6 26
a 506 312 0 10 23
a 506 49 0 1 50
a 506 391 0 6 32
a 506 595 0 1 49
a 506 120 0 6 16
a 506 184 0 2 25
a 507 506 0 484 1
a 507 385 0 6 26
a 508 245 0 484 3
a 508 538 0 5 22
a 508 56 0 8 21
a 508 99 0 5 7
a 508 368 0 4 16
a 508 407 0 9 16
a 508 488 0 9 18
a 515 395 0 484 41
a 515 241 0 4 26
a 515 557 0 9 8
a 515 303 0 3 4
a 515 378 0 5 12
a 515 143 0 2 36
a 515 185 0 7 32
a 515 18 0 1 26
a 515 273 0 8 7
a 515 582 0 7 2
a 515 75 0 3 18
a 515 544 0 10 47
a 515 454 0 3 46
a 532 236 0 484 15
a 532 530 0 8 36
a 532 310 0 2 32
a 532 158 0 5 13
a 532 169 0 5 15
a 532 279 0 2 29
a 532 474 0 9 7
a 532 242 0 1 26
a 532 106 0 8 38
a 532 526 0 10 37
a 532 116 0 8 9
a 533 57 0 484 50
a 533 275 0 6 3
a 533 431 0 4 42
a 533 79 0 5 12
a 533 157 0 1 46
a 533 363 0 7 3
a 533 421 0 4 35
a 533 62 0 2 30
a 533 142 0 9 26
a 533 246 0 6 36
a 553 455 0 484 49
a 553 56 0 4 32
a 553 514 0 2 21
a 553 485 0 6 5
a 553 127 0 4 11
a 553 237 0 9 27
a 556 393 0 484 38
a 556 421 0 9 12
a 556 510 0 6 42
a 566 63 0 484 50
a 566 209 0 3 10
a 566 47 0 10 33
a 566 490 0 7 49
a 566 449 0 5 22
a 566 518 0 9 15
a 566 473 0 5 27
a 570 581 0 484 6
a 570 370 0 2 12
a 570 212 0 6 50
a 570 166 0 4 6
a 570 95 0 4 2
a 570 384 0 9 1
a 570 21 0 9 27
a 570 494 0 4 31
a 570 394 0 4 12
a 570 249 0 5 12
a 570 493 0 2 1
a 570 222 0 3 40
a 570 144 0 8 15
a 570 461 0 1 2
a 574 240 0 484 38
a 574 315 0 5 11
a 574 385 0 7 18
a 574 87 0 9 43
a 574 517 0 4 44
a 574 345 0 6 26
a 574 396 0 4 50
a 574 521 0 2 35
a 574 104 0 1 29
a 574 579 0 8 16
a 574 19 0 8 22
a 574 26 0 3 23
a 574 78 0 9 25
a 574 587 0 3 27
a 577 189 0 484 28
a 577 157 0 5 25
a 577 70 0 7 3
a 577 286 0 8 5
a 577 485 0 5 16
a 577 489 0 9 17
a 577 340 0 8 19
a 577 351 0 6 43
a 577 564 0 9 15
a 577 46 0 2 19
a 577 472 0 6 34
a 577 500 0 5 44
a 581 553 0 484 50
a 581 492 0 10 39
a 581 85 0 5 33
a 585 123 0 484 50
a 585 504 0 2 7
a 585 363 0 1 48
a 585 543 0 8 31
a 585 189 0 8 26
a 585 557 0 1 29
a 585 476 0 4 34
a 585 180 0 2 26
a 587 12 0 484 17
a 587 564 0 9 12
a 587 506 0 9 18
a 587 387 0 1 26
a 587 95 0 7 28
a 587 524 0 10 47
a 587 266 0 9 28
a 587 263 0 2 21
a 587 577 0 10 33
a 587 199 0 3 24
a 587 36 0 3 20
a 587 559 0 8 45
a 587 386 0 3 22
a 587 481 0 4 10
a 589 556 0 484 50
a 589 123 0 2 49
a 589 509 0 5 4
a 589 56 0 7 21
a 589 32 0 9 8
a 589 239 0 6 27
a 589 339 0 8 25
a 589 289 0 8 14
a 589 511 0 3 35
a 589 320 0 1 50
a 589 216 0 7 33
a 2 329 0 234 50
a 2 121 0 1 14
a 2 186 0 6 4
a 2 33 0 8 21
a 2 267 0 8 6
a 2 157 0 4 11
a 2 47 0 2 13
a 2 542 0 3 26
a 2 586 0 10 45
a 2 383 0 9 17
a 2 263 0 7 6
a 2 37 0 4 10
a 31 495 0 234 30
a 31 130 0 10 26
a 31 477 0 3 46
a 33 475 0 234 9
a 33 289 0 6 13
a 33 329 0 3 15
a 33 282 0 9 17
a 33 298 0 3 6
a 35 291 0 234 50
a 35 397 0 4 40
a 35 430 0 8 39
a 35 261 0 4 8
a 35 376 0 1 46
a 35 297 0 4 37
a 62 238 0 234 50
a 62 457 0 1 47
a 62 149 0 4 19
a 62 367 0 10 3
a 62 464 0 2 29
a 62 222 0 7 43
a 62 279 0 2 5
a 62 250 0 5 5
a 62 515 0 2 19
a 62 477 0 4 49
a 62 185 0 1 22
a 62 568 0 1 3
a 62 23 0 6 29
a 62 302 0 6 11
a 62 26 0 7 22
a 62 248 0 1 47
a 80 528 0 234 50
a 80 229 0 5 38
a 80 379 0 5 45
a 80 400 0 10 41
a 80 435 0 4 17
a 80 237 0 2 39
a 80 353 0 3 19
a 80 450 0 4 14
a 80 370 0 3 17
a 80 538 0 10 15
a 80 464 0 3 45
a 80 72 0 8 14
a 80 139 0 8 35
a 80 108 0 2 8
a 107 548 0 234 26
a 107 261 0 3 5
a 117 199 0 234 4
a 117 560 0 2 25
a 117 531 0 7 38
a 117 569 0 9 12
a 117 171 0 1 36
a 117 77 0 1 20
a 117 358 0 4 35
a 129 480 0 234 50
a 129 115 0 4 43
a 129 134 0 5 3
a 129 547 0 4 20
a 129 466 0 1 37
a 129 348 0 10 45
a 129 313 0 10 39
a 129 260 0 8 48
a 129 550 0 2 43
a 129 577 0 6 29
a 129 188 0 5 42
a 147 414 0 234 36
a 147 459 0 8 10
a 147 19 0 3 19
a 147 296 0 9 10
a 147 592 0 2 49
a 147 419 0 5 30
a 147 523 0 9 23
a 147 538 0 8 42
a 163 255 0 234 11
a 163 277 0 7 31
a 163 145 0 3 30
a 163 366 0 8 47
a 163 285 0 2 41
a 163 175 0 7 29
a 163 295 0 9 4
a 163 239 0 2 33
a 163 116 0 5 11
a 163 358 0 6 35
a 163 263 0 7 26
a 163 398 0 10 45
a 163 206 0 2 31
a 163 445 0 4 34
a 168 177 0 234 50
a 168 226 0 1 35
a 168 91 0 9 35
a 168 458 0 7 1
a 168 257 0 4 1
a 168 127 0 3 27
a 168 179 0 9 43
a 172 264 0 234 6
a 172 156 0 2 37
a 172 180 0 3 15
a 172 584 0 10 44
a 172 407 0 3 44
a 173 107 0 234 50
a 173 599 0 7 21
a 177 195 0 234 50
a 177 63 0 2 33
a 177 52 0 10 32
a 177 497 0 10 50
a 177 327 0 9 18
a 193 593 0 234 9
a 193 238 0 5 8
a 195 163 0 234 10
a 195 167 0 9 32
a 195 397 0 2 9
a 195 267 0 6 38
a 195 147 0 6 38
a 195 145 0 1 34
a 195 449 0 3 2
a 195 20 0 3 36
a 195 77 0 8 25
a 195 426 0 1 30
a 195 547 0 5 7
a 195 206 0 3 7
a 195 456 0 6 47
a 197 558 0 234 5
a 197 194 0 8 15
a 197 15 0 9 28
a 197 31 0 4 35
a 197 456 0 1 41
a 197 590 0 3 44
a 197 335 0 9 32
a 198 173 0 234 50
a 198 374 0 3 41
a 198 240 0 10 40
a 198 510 0 5 31
a 198 553 0 3 36
a 198 520 0 2 43
a 198 132 0 1 46
a 198 244 0 5 14
a 198 371 0 4 21
a 198 218 0 4 4
a 198 507 0 3 23
a 198 346 0 7 4
a 198 284 0 8 31
a 198 93 0 6 39
a 199 172 0 234 12
a 199 97 0 5 35
a 199 413 0 7 50
a 199 75 0 6 13
a 199 483 0 10 49
a 199 58 0 1 45
a 199 585 0 9 30
a 199 120 0 1 16
a 199 436 0 3 49
a 235 295 0 234 50
a 235 72 0 7 16
a 235 307 0 3 32
a 235 189 0 1 48
a 235 76 0 2 13
a 235 191 0 10 4
a 235 600 0 8 10
a 235 427 0 9 7
a 238 320 0 234 44
a 238 290 0 6 32
a 255 575 0 234 50
a 255 598 0 234 49
a 255 129 0 2 30
a 255 485 0 2 12
a 255 359 0 8 42
a 255 277 0 4 34
a 255 523 0 8 45
a 255 213 0 5 36
a 258 557 0 234 50
a 258 546 0 4 17
a 258 501 0 1 22
a 258 201 0 10 27
a 258 369 0 9 20
a 264 168 0 234 50
a 264 71 0 4 15
a 264 130 0 4 16
a 264 543 0 2 28
a 264 221 0 10 5
a 264 434 0 3 47
a 264 194 0 8 20
a 264 225 0 8 17
a 279 235 0 234 33
a 279 181 0 1 48
a 279 499 0 1 1
a 279 479 0 1 42
a 279 459 0 2 50
a 279 198 0 3 9
a 279 388 0 10 8
a 279 287 0 7 29
a 279 508 0 3 5
a 279 438 0 7 22
a 279 207 0 6 45
a 279 216 0 4 10
a 279 68 0 10 6
a 279 488 0 6 8
a 279 50 0 5 19
a 279 67 0 2 5
a 291 279 0 234 13
a 291 298 0 3 48
a 291 74 0 6 28
a 291 495 0 4 36
a 291 560 0 6 25
a 291 134 0 3 38
a 295 33 0 234 50
a 295 111 0 2 20
a 295 419 0 9 23
a 295 596 0 8 37
a 295 97 0 3 3
a 295 170 0 8 29
a 295 275 0 8 2
a 295 598 0 4 34
a 295 257 0 10 14
a 295 408 0 7 6
a 300 518 0 234 39
a 300 304 0 3 43
a 300 41 0 9 35
a 300 313 0 7 40
a 300 51 0 6 12
a 300 558 0 6 45
a 300 150 0 10 1
a 300 66 0 4 28
a 300 522 0 6 16
a 300 576 0 10 31
a 300 371 0 6 33
a 300 156 0 1 33
a 300 84 0 1 1
a 300 580 0 2 32
a 320 197 0 234 50
a 320 355 0 10 36
a 320 185 0 1 22
a 320 419 0 7 25
a 320 510 0 3 38
a 320 11 0 2 38
a 320 202 0 6 23
a 320 314 0 9 42
a 320 29 0 6 43
a 320 108 0 6 41
a 329 440 0 234 50
a 329 36 0 3 5
a 329 125 0 3 34
a 329 394 0 5 18
a 329 33 0 1 50
a 329 32 0 2 14
a 329 301 0 7 33
a 329 504 0 3 22
a 329 507 0 2 4
a 329 471 0 2 32
a 329 371 0 6 11
a 329 240 0 6 12
a 359 583 0 234 50
a 359 254 0 6 17
a 359 11 0 9 27
a 359 325 0 3 24
a 359 237 0 9 6
a 359 113 0 1 28
a 359 410 0 1 39
a 359 581 0 7 34
a 359 480 0 2 21
a 359 330 0 1 23
a 359 103 0 9 27
a 359 275 0 9 38
a 359 253 0 8 48
a 383 424 0 234 16
a 383 316 0 9 50
a 383 563 0 8 11
a 383 175 0 10 11
a 383 342 0 1 49
a 383 389 0 1 5
a 383 354 0 5 41
a 383 72 0 5 30
a 383 219 0 10 18
a 383 576 0 9 39
a 383 263 0 4 9
a 383 337 0 6 48
a 391 383 0 234 50
a 391 453 0 4 29
a 391 91 0 2 31
a 391 270 0 1 8
a 391 454 0 10 22
a 391 228 0 10 18
a 391 474 0 2 14
a 391 199 0 3 5
a 391 60 0 9 26
a 391 261 0 3 18
a 391 418 0 1 42
a 398 31 0 234 50
a 398 574 0 9 44
a 398 557 0 10 37
a 398 336 0 4 30
a 398 424 0 6 29
a 398 53 0 3 39
a 398 176 0 10 38
a 398 221 0 10 17
a 398 81 0 8 46
a 398 399 0 6 13
a 414 527 0 234 50
a 414 180 0 3 20
a 414 362 0 1 8
a 414 424 0 6 36
a 414 138 0 6 27
a 414 298 0 7 8
a 418 539 0 234 50
a 418 392 0 5 2
a 418 309 0 5 36
a 418 137 0 10 22
a 418 587 0 1 42
a 418 94 0 8 35
a 418 446 0 6 21
a 418 468 0 8 49
a 418 49 0 5 34
a 418 447 0 7 20
a 418 186 0 6 16
a 418 216 0 8 7
a 418 132 0 1 26
a 418 423 0 9 22
a 418 554 0 9 46
a 424 529 0 234 3
a 424 136 0 10 39
a 424 386 0 2 29
a 424 505 0 10 44
a 424 391 0 1 50
a 424 433 0 7 25
a 424 339 0 9 41
a 424 24 0 5 10
a 424 62 0 10 5
a 424 71 0 10 6
a 424 124 0 7 23
a 424 459 0 4 47
a 424 331 0 3 10
a 440 522 0 234 50
a 440 100 0 1 6
a 440 339 0 6 31
a 440 503 0 4 17
a 440 459 0 10 5
a 451 398 0 234 48
a 451 87 0 8 43
a 451 446 0 3 16
a 451 420 0 1 43
a 451 467 0 5 49
a 451 457 0 1 43
a 451 286 0 1 10
a 451 248 0 8 49
a 451 510 0 4 5
a 451 280 0 6 18
a 451 587 0 10 1
a 451 40 0 7 32
a 451 452 0 3 36
a 451 518 0 4 8
a 451 65 0 6 8
a 475 451 0 234 41
a 475 323 0 8 40
a 475 516 0 5 12
a 475 147 0 3 34
a 475 188 0 7 49
a 475 315 0 7 38
a 475 73 0 7 3
a 475 96 0 5 1
a 475 23 0 6 36
a 475 27 0 8 3
a 475 277 0 9 25
a 475 95 0 10 46
a 475 470 0 10 5
a 480 147 0 234 50
a 480 349 0 9 12
a 495 300 0 234 50
a 495 176 0 8 29
a 495 584 0 1 39
a 495 164 0 8 37
a 495 229 0 9 4
a 518 418 0 234 5
a 518 259 0 9 19
a 518 597 0 9 48
a 522 391 0 234 4
a 522 432 0 9 1
a 527 117 0 234 23
a 527 293 0 3 9
a 527 444 0 9 12
a 527 84 0 6 11
a 527 402 0 3 45
a 527 158 0 5 8
a 527 593 0 6 23
a 527 169 0 9 25
a 527 363 0 10 25
a 527 264 0 1 39
a 527 465 0 5 49
a 527 308 0 5 36
a 527 364 0 7 16
a 527 96 0 3 27
a 527 386 0 3 47
a 528 530 0 234 50
a 528 37 0 1 9
a 528 271 0 9 39
a 528 520 0 5 2
a 529 563 0 234 21
a 529 518 0 10 13
a 529 21 0 10 49
a 529 553 0 1 43
a 529 258 0 7 42
a 529 286 0 1 32
a 529 443 0 7 45
a 529 285 0 4 31
a 529 395 0 5 29
a 529 514 0 9 45
a 529 31 0 4 27
a 529 568 0 7 31
a 529 167 0 4 2
a 529 263 0 1 45
a 529 457 0 8 46
a 530 129 0 234 50
a 530 443 0 9 3
a 530 560 0 5 42
a 530 346 0 9 12
a 530 225 0 8 19
a 530 89 0 8 28
a 530 280 0 10 49
a 530 319 0 7 50
a 530 513 0 4 30
a 530 151 0 2 22
a 530 424 0 7 14
a 530 333 0 7 31
a 530 62 0 2 18
a 530 123 0 7 9
a 539 359 0 234 28
a 539 444 0 5 21
a 539 19 0 5 30
a 539 189 0 1 43
a 539 358 0 2 49
a 539 360 0 10 26
a 539 420 0 6 32
a 539 255 0 9 45
a 539 285 0 3 12
a 548 80 0 234 50
a 548 459 0 3 5
a 548 82 0 5 34
a 548 328 0 4 41
a 548 446 0 4 1
a 548 374 0 2 3
a 548 21 0 5 4
a 548 427 0 5 49
a 557 35 0 234 50
a 557 92 0 1 5
a 558 193 0 234 25
a 558 103 0 1 31
a 558 551 0 3 6
a 558 19 0 1 12
a 558 261 0 7 18
a 558 535 0 1 15
a 563 198 0 234 46
a 563 509 0 3 26
a 563 133 0 3 17
a 563 545 0 5 48
a 563 546 0 3 22
a 563 312 0 10 41
a 563 264 0 10 18
a 563 33 0 8 29
a 563 84 0 7 26
a 575 258 0 234 12
a 575 584 0 6 50
a 575 483 0 5 4
a 583 62 0 234 39
a 583 520 0 10 5
a 583 109 0 2 22
a 583 182 0 2 41
a 583 123 0 8 12
a 583 132 0 5 8
a 583 352 0 10 47
a 583 462 0 2 44
a 583 430 0 3 36
a 3 212 0 82 50
a 3 507 0 6 25
a 3 96 0 2 2
a 3 18 0 2 17
a 3 84 0 9 22
a 3 252 0 8 27
a 3 366 0 8 29
a 3 557 0 1 36
a 3 172 0 10 42
a 3 178 0 1 6
a 3 597 0 9 8
a 3 78 0 10 6
a 3 523 0 9 21
a 3 310 0 1 6
a 3 493 0 10 22
a 13 576 0 82 50
a 13 137 0 1 48
a 13 356 0 5 29
a 13 200 0 2 32
a 20 342 0 82 12
a 20 200 0 7 17
a 20 170 0 6 27
a 20 303 0 2 2
a 20 594 0 9 6
a 20 68 0 5 45
a 20 216 0 2 15
a 20 273 0 7 22
a 20 466 0 9 12
a 20 469 0 4 1
a 20 144 0 6 13
a 29 379 0 82 50
a 29 366 0 7 25
a 29 499 0 7 8
a 29 261 0 5 40
a 29 173 0 10 42
a 29 368 0 5 50
a 29 369 0 4 50
a 29 106 0 6 41
a 48 231 0 82 50
a 48 192 0 1 7
a 48 78 0 5 31
a 51 403 0 82 26
a 51 245 0 6 23
a 51 247 0 8 27
a 51 482 0 8 2
a 82 349 0 82 50
a 82 32 0 6 36
a 82 307 0 3 46
a 82 296 0 9 5
a 82 111 0 1 23
a 82 128 0 5 45
a 82 243 0 8 1
a 82 465 0 7 14
a 82 318 0 2 35
a 82 12 0 1 25
a 82 422 0 5 16
a 82 340 0 5 15
a 82 401 0 10 39
a 82 25 0 7 22
a 86 48 0 82 45
a 86 144 0 9 25
a 86 383 0 9 1
a 86 132 0 1 25
a 86 323 0 8 11
a 86 14 0 5 35
a 86 164 0 10 27
a 86 34 0 1 43
a 86 281 0 1 34
a 86 351 0 7 11
a 86 572 0 4 48
a 86 343 0 1 1
a 86 545 0 3 6
a 97 447 0 82 50
a 97 239 0 2 32
a 97 580 0 8 32
a 97 96 0 5 37
a 97 141 0 4 27
a 97 563 0 7 28
a 97 320 0 8 14
a 97 397 0 10 12
a 97 15 0 6 5
a 97 249 0 9 3
a 97 481 0 4 41
a 97 194 0 8 17
a 114 378 0 82 50
a 114 269 0 4 22
a 114 161 0 1 2
a 114 373 0 4 15
a 114 64 0 8 20
a 114 579 0 2 13
a 115 540 0 82 34
a 115 480 0 1 47
a 115 313 0 4 7
a 115 72 0 4 30
a 115 595 0 1 13
a 115 194 0 1 12
a 115 393 0 7 43
a 115 73 0 1 4
a 115 403 0 2 22
a 115 485 0 10 46
a 115 470 0 9 24
a 115 462 0 2 10
a 115 150 0 9 1
a 121 422 0 82 50
a 121 548 0 2 20
a 121 327 0 5 26
a 121 22 0 6 8
a 121 539 0 5 34
a 121 491 0 5 9
a 121 505 0 9 43
a 121 225 0 1 46
a 121 25 0 4 8
a 121 524 0 4 47
a 121 593 0 7 3
a 121 352 0 9 11
a 121 457 0 4 25
a 121 411 0 3 1
a 121 498 0 10 7
a 127 142 0 82 22
a 127 229 0 4 3
a 127 42 0 7 1
a 127 255 0 3 7
a 127 83 0 4 45
a 127 187 0 4 32
a 127 478 0 3 23
a 138 51 0 82 50
a 138 356 0 5 14
a 138 434 0 9 50
a 138 28 0 7 45
a 138 489 0 1 19
a 138 350 0 5 49
a 138 496 0 9 21
a 142 505 0 82 50
a 142 170 0 1 40
a 142 565 0 7 29
a 142 483 0 2 22
a 142 583 0 2 22
a 142 182 0 2 34
a 142 550 0 5 36
a 142 570 0 1 46
a 142 207 0 5 18
a 142 15 0 6 26
a 142 577 0 10 14
a 142 287 0 1 41
a 142 197 0 9 42
a 142 390 0 8 49
a 142 547 0 8 21
a 175 13 0 82 19
a 175 254 0 4 16
a 175 447 0 5 33
a 175 402 0 4 17
a 175 425 0 6 12
a 175 220 0 9 4
a 175 236 0 5 20
a 188 579 0 82 50
a 188 482 0 10 47
a 188 337 0 8 35
a 188 43 0 4 41
a 188 292 0 3 12
a 188 491 0 2 17
a 188 515 0 8 45
a 191 354 0 82 50
a 191 194 0 8 37
a 191 307 0 3 31
a 191 13 0 2 10
a 191 94 0 10 31
a 212 524 0 82 7
a 212 498 0 3 22
a 212 245 0 9 50
a 212 153 0 9 47
a 212 513 0 9 28
a 212 539 0 3 35
a 212 157 0 6 36
a 212 340 0 8 33
a 225 175 0 82 50
a 225 592 0 82 27
a 225 371 0 10 33
a 225 357 0 2 36
a 225 204 0 9 33
a 225 439 0 9 9
a 225 342 0 9 34
a 225 585 0 6 37
a 225 186 0 7 9
a 225 339 0 4 11
a 230 564 0 82 50
a 230 240 0 7 1
a 230 245 0 8 44
a 230 71 0 6 30
a 230 450 0 10 25
a 230 465 0 1 46
a 230 21 0 5 36
a 230 48 0 10 32
a 230 562 0 10 7
a 230 263 0 1 28
a 230 220 0 3 3
a 230 70 0 5 3
a 230 33 0 7 4
a 230 447 0 8 12
a 230 464 0 10 49
a 231 138 0 82 50
a 231 169 0 9 33
a 231 522 0 8 48
a 231 68 0 9 27
a 231 62 0 2 6
a 231 406 0 10 4
a 231 425 0 8 33
a 231 25 0 2 6
a 250 114 0 82 50
a 250 283 0 1 32
a 250 382 0 3 13
a 250 89 0 2 36
a 250 427 0 7 32
a 250 199 0 7 32
a 250 552 0 8 26
a 250 127 0 7 29
a 250 373 0 1 21
a 250 52 0 9 27
a 250 300 0 1 28
a 250 270 0 3 9
a 250 247 0 7 15
a 250 353 0 10 46
a 256 82 0 82 50
a 256 414 0 9 45
a 256 279 0 9 4
a 256 296 0 7 33
a 256 325 0 2 4
a 256 344 0 5 25
a 256 517 0 3 44
a 256 188 0 1 9
a 256 396 0 10 15
a 256 298 0 8 27
a 256 323 0 3 3
a 259 459 0 82 48
a 259 68 0 2 46
a 259 181 0 5 13
a 259 249 0 3 37
a 259 411 0 5 30
a 281 20 0 82 1
a 281 263 0 7 1
a 281 127 0 4 33
a 281 442 0 8 23
a 281 342 0 7 46
a 281 122 0 3 4
a 281 312 0 6 14
a 281 585 0 7 32
a 281 119 0 8 35
a 281 387 0 3 7
a 281 596 0 7 24
a 281 343 0 2 31
a 281 544 0 2 46
a 281 228 0 9 44
a 296 191 0 82 50
a 296 224 0 2 32
a 296 531 0 2 1
a 296 434 0 4 11
a 296 583 0 9 3
a 296 399 0 10 34
a 296 339 0 9 45
a 296 438 0 5 29
a 296 203 0 6 30
a 296 94 0 3 29
a 296 512 0 6 7
a 296 67 0 2 19
a 309 569 0 82 50
a 309 334 0 4 21
a 309 572 0 4 38
a 314 259 0 82 14
a 314 461 0 8 45
a 314 568 0 6 18
a 314 476 0 6 22
a 314 128 0 2 49
a 314 504 0 9 42
a 314 407 0 6 8
a 316 29 0 82 50
a 316 393 0 5 46
a 316 266 0 7 12
a 316 98 0 10 4
a 316 497 0 4 46
a 316 472 0 4 25
a 316 417 0 5 24
a 316 103 0 8 38
a 316 182 0 6 34
a 316 101 0 8 10
a 316 332 0 1 10
a 316 140 0 8 12
a 330 543 0 82 50
a 330 62 0 1 29
a 330 92 0 1 41
a 330 574 0 8 34
a 330 599 0 2 6
a 330 135 0 7 36
a 330 585 0 4 22
a 330 345 0 7 10
a 330 301 0 3 42
a 330 584 0 3 9
a 330 130 0 10 16
a 330 450 0 5 5
a 330 102 0 1 42
a 331 595 0 82 35
a 331 392 0 6 46
a 331 550 0 3 45
a 331 86 0 7 21
a 331 304 0 1 11
a 331 66 0 6 4
a 331 468 0 6 46
a 331 364 0 2 17
a 331 371 0 6 48
a 331 168 0 3 48
a 331 26 0 10 5
a 331 352 0 6 30
a 331 296 0 2 46
a 334 373 0 82 50
a 334 494 0 7 41
a 334 595 0 5 1
a 334 137 0 3 11
a 334 574 0 4 26
a 334 448 0 8 40
a 342 188 0 82 50
a 342 438 0 6 12
a 342 52 0 7 18
a 342 508 0 7 20
a 342 558 0 4 21
a 342 437 0 1 1
a 342 290 0 10 47
a 342 236 0 10 28
a 342 359 0 4 22
a 342 570 0 3 19
a 342 531 0 8 21
a 342 127 0 7 13
a 349 488 0 82 15
a 349 199 0 10 46
a 349 354 0 1 8
a 349 376 0 2 10
a 349 308 0 6 21
a 349 40 0 7 44
a 349 579 0 7 17
a 349 209 0 1 20
a 349 283 0 3 35
a 349 575 0 6 15
a 349 155 0 8 44
a 349 14 0 10 22
a 351 316 0 82 19
a 351 79 0 6 42
a 351 254 0 8 19
a 351 504 0 3 5
a 351 91 0 10 38
a 351 350 0 2 27
a 351 48 0 1 1
a 351 317 0 2 8
a 354 115 0 82 50
a 354 583 0 7 28
a 354 140 0 1 29
a 354 543 0 9 1
a 354 352 0 6 14
a 354 498 0 6 1
a 354 160 0 3 29
a 354 596 0 2 44
a 369 386 0 82 50
a 369 13 0 5 46
a 369 200 0 3 46
a 373 331 0 82 31
a 373 195 0 5 31
a 373 517 0 4 16
a 373 489 0 7 40
a 373 209 0 1 41
a 373 179 0 4 43
a 378 127 0 82 50
a 378 126 0 1 30
a 378 305 0 6 45
a 378 241 0 9 41
a 378 402 0 6 3
a 378 163 0 5 5
a 378 537 0 7 32
a 378 481 0 9 15
a 378 169 0 3 49
a 378 465 0 4 36
a 378 267 0 3 27
a 378 484 0 6 26
a 378 392 0 4 35
a 378 133 0 2 47
a 378 531 0 8 19
a 379 466 0 82 30
a 379 273 0 1 36
a 379 248 0 2 19
a 379 357 0 1 19
a 379 96 0 10 37
a 379 518 0 8 48
a 379 312 0 3 47
a 379 35 0 9 13
a 379 120 0 6 10
a 386 351 0 82 46
a 386 83 0 8 20
a 386 517 0 3 22
a 386 291 0 2 14
a 390 309 0 82 39
a 390 353 0 10 27
a 390 356 0 8 9
a 390 457 0 10 21
a 390 26 0 8 41
a 390 54 0 2 39
a 390 319 0 6 34
a 403 330 0 82 4
a 403 328 0 4 8
a 403 180 0 7 15
a 403 264 0 3 26
a 403 270 0 4 31
a 403 501 0 7 18
a 403 428 0 2 31
a 403 479 0 6 40
a 403 573 0 10 41
a 403 600 0 9 45
a 403 262 0 2 34
a 403 540 0 3 37
a 403 537 0 6 18
a 415 443 0 82 16
a 415 225 0 2 30
a 415 125 0 9 18
a 415 371 0 6 19
a 415 23 0 5 16
a 415 266 0 2 1
a 422 296 0 82 50
a 422 168 0 9 1
a 422 184 0 1 18
a 422 433 0 3 27
a 422 312 0 7 40
a 422 487 0 9 15
a 443 390 0 82 46
a 443 465 0 8 43
a 443 30 0 10 1
a 447 369 0 82 13
a 447 116 0 5 11
a 447 478 0 7 38
a 447 330 0 1 38
a 447 532 0 10 16
a 447 47 0 8 29
a 447 126 0 1 13
a 447 379 0 3 18
a 447 30 0 6 3
a 447 159 0 2 45
a 447 354 0 4 18
a 447 489 0 4 41
a 459 547 0 82 2
a 459 289 0 3 28
a 459 439 0 6 24
a 459 488 0 5 20
a 459 359 0 1 3
a 459 64 0 1 41
a 459 32 0 8 14
a 459 505 0 7 4
a 459 350 0 2 39
a 459 441 0 8 30
a 459 472 0 5 49
a 459 55 0 1 46
a 459 549 0 1 25
a 459 33 0 2 5
a 459 182 0 6 39
a 460 121 0 82 40
a 460 565 0 3 23
a 460 512 0 1 28
a 460 366 0 3 20
a 466 415 0 82 30
a 466 490 0 1 18
a 466 116 0 10 5
a 466 550 0 3 10
a 466 535 0 2 25
a 466 566 0 8 50
a 466 300 0 3 23
a 466 54 0 4 16
a 466 406 0 3 4
a 466 599 0 1 31
a 466 272 0 2 36
a 466 119 0 10 2
a 488 460 0 82 17
a 488 476 0 2 9
a 488 194 0 5 25
a 497 531 0 82 16
a 497 288 0 5 43
a 497 54 0 8 9
a 497 296 0 5 9
a 497 72 0 7 30
a 497 336 0 4 11
a 497 176 0 10 5
a 497 492 0 2 36
a 497 338 0 4 41
a 497 405 0 7 15
a 497 89 0 9 41
a 497 286 0 4 23
a 497 152 0 7 40
a 497 440 0 10 30
a 505 97 0 82 50
a 505 358 0 7 37
a 505 46 0 3 1
a 505 41 0 5 44
a 505 479 0 10 35
a 505 236 0 7 29
a 505 591 0 2 31
a 505 110 0 4 21
a 505 17 0 3 9
a 524 250 0 82 33
a 524 595 0 4 49
a 524 22 0 2 25
a 524 305 0 6 19
a 524 32 0 8 30
a 524 170 0 5 23
a 524 76 0 8 12
a 524 301 0 9 3
a 524 429 0 9 16
a 524 275 0 4 35
a 524 280 0 5 47
a 524 240 0 10 31
a 524 443 0 9 22
a 531 334 0 82 12
a 531 190 0 8 41
a 531 37 0 7 49
a 531 300 0 10 47
a 531 441 0 7 48
a 531 188 0 8 14
a 531 595 0 7 9
a 531 403 0 3 12
a 531 138 0 4 44
a 531 555 0 8 15
a 531 140 0 10 27
a 531 517 0 9 47
a 531 203 0 9 42
a 531 549 0 6 10
a 531 61 0 1 42
a 537 497 0 82 40
a 537 450 0 6 22
a 537 518 0 10 48
a 537 225 0 8 5
a 537 81 0 5 47
a 537 47 0 8 16
a 537 343 0 9 25
a 537 438 0 1 33
a 537 294 0 9 38
a 540 314 0 82 50
a 540 328 0 8 18
a 540 248 0 4 44
a 540 92 0 7 9
a 543 281 0 82 50
a 543 244 0 6 13
a 547 230 0 82 17
a 547 133 0 2 47
a 547 122 0 1 39
a 547 242 0 9 43
a 564 86 0 82 50
a 564 328 0 4 49
a 564 61 0 2 5
a 564 481 0 1 42
a 564 116 0 2 10
a 564 135 0 1 25
a 564 592 0 4 12
a 564 249 0 7 28
a 569 256 0 82 7
a 569 41 0 8 45
a 569 114 0 10 13
a 569 139 0 9 29
a 569 183 0 5 28
a 569 234 0 9 39
a 569 293 0 7 14
a 569 438 0 9 48
a 569 433 0 1 29
a 569 67 0 3 27
a 569 258 0 10 45
a 572 225 0 82 4
a 572 478 0 10 28
a 572 123 0 4 17
a 572 113 0 6 11
a 572 11 0 2 15
a 572 369 0 6 27
a 572 57 0 8 4
a 572 83 0 1 5
a 576 537 0 82 30
a 576 64 0 5 49
a 576 437 0 5 8
a 576 311 0 5 5
a 576 583 0 5 40
a 576 544 0 8 10
a 576 477 0 4 26
a 576 242 0 1 23
a 576 540 0 8 21
a 576 586 0 9 33
a 579 572 0 82 50
a 579 185 0 10 48
a 579 300 0 1 24
a 4 190 0 256 44
a 4 490 0 5 40
a 4 285 0 3 14
a 4 528 0 8 31
a 4 530 0 7 19
a 4 583 0 5 49
a 4 280 0 4 13
a 4 358 0 6 28
a 4 365 0 9 16
a 4 69 0 1 29
a 4 573 0 4 5
a 17 356 0 256 22
a 17 390 0 10 23
a 17 329 0 2 27
a 17 133 0 4 42
a 17 80 0 2 46
a 17 173 0 8 22
a 17 178 0 2 5
a 17 266 0 3 9
a 17 222 0 6 29
a 17 536 0 4 49
a 18 146 0 256 8
a 18 96 0 3 12
a 18 527 0 3 26
a 28 485 0 256 41
a 28 384 0 1 46
a 43 484 0 256 7
a 43 342 0 9 10
a 43 185 0 8 43
a 43 497 0 6 26
a 43 188 0 3 41
a 43 485 0 3 33
a 43 183 0 2 9
a 43 339 0 1 40
a 43 288 0 6 44
a 43 533 0 5 6
a 43 105 0 9 26
a 43 157 0 7 8
a 45 43 0 256 2
a 45 76 0 5 24
a 45 475 0 2 17
a 45 84 0 10 14
a 45 581 0 5 41
a 45 153 0 2 10
a 45 403 0 2 28
a 45 576 0 5 49
a 45 203 0 1 5
a 45 502 0 5 39
a 45 332 0 6 48
a 45 594 0 7 19
a 45 144 0 7 34
a 45 325 0 8 38
a 45 113 0 10 17
a 46 399 0 256 50
a 46 162 0 2 36
a 46 133 0 5 28
a 46 18 0 7 22
a 46 51 0 7 39
a 46 208 0 8 46
a 46 148 0 1 16
a 46 302 0 3 4
a 60 445 0 256 46
a 60 205 0 9 23
a 60 317 0 2 27
a 60 117 0 3 36
a 60 15 0 4 16
a 60 404 0 8 11
a 60 496 0 10 50
a 60 502 0 6 32
a 60 11 0 8 48
a 71 546 0 256 50
a 71 488 0 3 13
a 71 489 0 4 25
a 71 125 0 5 37
a 71 447 0 1 12
a 71 551 0 9 16
a 71 65 0 8 31
a 71 29 0 4 2
a 96 216 0 256 50
a 96 257 0 10 45
a 96 127 0 3 43
a 96 91 0 10 28
a 96 443 0 10 30
a 96 280 0 5 46
a 96 524 0 2 21
a 96 71 0 4 33
a 96 337 0 8 23
a 96 76 0 3 9
a 96 184 0 1 50
a 145 71 0 256 12
a 145 110 0 9 4
a 145 97 0 4 21
a 145 453 0 1 43
a 145 306 0 6 28
a 145 540 0 1 9
a 145 93 0 6 15
a 145 501 0 7 42
a 146 322 0 256 50
a 146 539 0 8 23
a 146 413 0 7 12
a 146 170 0 6 22
a 146 409 0 1 39
a 146 198 0 7 23
a 150 17 0 256 50
a 150 289 0 10 15
a 150 535 0 10 23
a 150 600 0 1 3
a 150 348 0 2 18
a 150 252 0 5 13
a 150 249 0 8 48
a 150 429 0 4 50
a 150 421 0 4 23
a 150 594 0 1 14
a 150 154 0 9 46
a 152 363 0 256 19
a 152 342 0 10 48
a 152 146 0 3 41
a 152 136 0 1 30
a 152 427 0 4 27
a 152 158 0 1 33
a 152 446 0 10 47
a 152 281 0 6 47
a 155 167 0 256 50
a 155 546 0 9 12
a 155 285 0 4 22
a 167 598 0 256 18
a 167 591 0 256 50
a 167 142 0 8 48
a 167 197 0 1 20
a 167 191 0 1 7
a 167 382 0 4 37
a 167 201 0 3 23
a 167 407 0 6 7
a 167 28 0 10 41
a 167 541 0 8 12
a 167 334 0 3 40
a 167 249 0 10 38
a 170 571 0 256 47
a 170 493 0 3 14
a 170 50 0 2 25
a 170 406 0 7 50
a 170 306 0 9 48
a 170 28 0 2 19
a 170 178 0 3 17
a 170 387 0 7 2
a 174 476 0 256 50
a 174 361 0 6 21
a 174 199 0 2 33
a 174 179 0 7 33
a 174 413 0 4 40
a 174 221 0 10 9
a 174 418 0 7 4
a 174 346 0 8 30
a 174 493 0 2 9
a 174 135 0 1 7
a 176 510 0 256 50
a 176 342 0 4 30
a 176 308 0 7 44
a 176 415 0 8 5
a 176 572 0 1 11
a 185 46 0 256 2
a 185 413 0 1 48
a 185 74 0 8 40
a 185 279 0 5 12
a 185 444 0 5 19
a 185 360 0 9 35
a 185 32 0 2 24
a 185 136 0 1 39
a 185 347 0 2 28
a 185 88 0 6 24
a 185 175 0 5 50
a 185 497 0 3 16
a 185 534 0 7 43
a 190 150 0 256 15
a 190 502 0 1 1
a 190 572 0 7 50
a 190 36 0 1 41
a 200 437 0 256 28
a 200 259 0 9 22
a 200 340 0 1 40
a 200 223 0 8 10
a 200 493 0 10 47
a 200 97 0 2 25
a 200 124 0 4 8
a 200 589 0 2 32
a 200 290 0 7 17
a 200 547 0 9 5
a 200 72 0 10 46
a 200 337 0 6 36
a 200 351 0 8 13
a 200 301 0 3 40
a 200 475 0 7 14
a 216 441 0 256 50
a 216 145 0 10 26
a 216 419 0 3 28
a 216 32 0 4 27
a 216 322 0 10 48
a 216 43 0 4 9
a 216 381 0 5 36
a 216 309 0 4 43
a 216 235 0 9 39
a 219 170 0 256 21
a 219 381 0 9 30
a 219 13 0 3 44
a 219 78 0 7 3
a 226 289 0 256 48
a 226 283 0 10 20
a 226 68 0 9 35
a 226 497 0 3 41
a 226 169 0 8 5
a 226 394 0 2 34
a 226 343 0 2 3
a 226 449 0 6 47
a 226 305 0 3 23
a 226 220 0 3 34
a 226 66 0 9 18
a 226 28 0 10 1
a 234 248 0 256 50
a 234 223 0 2 19
a 234 272 0 2 44
a 234 300 0 4 12
a 234 100 0 8 21
a 234 70 0 2 44
a 234 584 0 9 49
a 234 97 0 8 9
a 248 176 0 256 50
a 248 111 0 1 40
a 248 384 0 4 23
a 248 492 0 6 9
a 248 345 0 8 5
a 248 514 0 8 26
a 248 156 0 5 13
a 248 242 0 5 21
a 248 205 0 9 12
a 275 409 0 256 50
a 275 31 0 4 26
a 275 24 0 9 30
a 275 250 0 8 7
a 289 185 0 256 50
a 289 541 0 2 2
a 289 136 0 4 5
a 289 214 0 5 39
a 289 348 0 8 4
a 289 143 0 3 32
a 289 121 0 2 41
a 289 91 0 10 6
a 289 586 0 3 17
a 289 595 0 1 12
a 289 338 0 10 19
a 289 223 0 5 26
a 289 558 0 5 39
a 289 349 0 10 24
a 294 275 0 256 2
a 294 315 0 4 21
a 294 405 0 5 41
a 302 174 0 256 33
a 302 299 0 7 34
a 302 279 0 1 6
a 302 243 0 7 15
a 302 395 0 2 49
a 302 487 0 1 7
a 304 332 0 256 50
a 304 505 0 1 5
a 304 517 0 2 45
a 304 251 0 7 4
a 304 364 0 8 20
a 304 210 0 8 20
a 304 466 0 7 8
a 304 191 0 4 23
a 304 480 0 7 31
a 304 134 0 5 15
a 304 317 0 10 40
a 304 39 0 6 47
a 304 512 0 1 45
a 317 559 0 256 50
a 317 393 0 10 37
a 317 21 0 6 9
a 317 554 0 8 30
a 317 145 0 10 14
a 322 429 0 256 34
a 322 22 0 8 22
a 322 225 0 10 50
a 322 26 0 9 3
a 322 355 0 2 13
a 327 304 0 256 7
a 327 141 0 5 18
a 327 490 0 4 40
a 327 49 0 6 15
a 327 582 0 4 21
a 327 19 0 5 44
a 327 450 0 3 9
a 327 211 0 10 42
a 327 510 0 6 38
a 327 337 0 1 28
a 327 339 0 10 47
a 327 21 0 2 42
a 327 129 0 1 16
a 327 186 0 5 6
a 332 226 0 256 50
a 332 161 0 1 18
a 332 73 0 5 42
a 332 379 0 5 34
a 332 353 0 9 24
a 332 70 0 5 2
a 332 181 0 10 10
a 332 12 0 6 38
a 332 428 0 8 22
a 332 581 0 9 25
a 348 432 0 256 50
a 348 256 0 8 9
a 356 554 0 256 43
a 356 550 0 6 33
a 356 334 0 5 26
a 356 182 0 2 23
a 356 268 0 5 38
a 356 113 0 7 3
a 356 504 0 6 4
a 356 222 0 5 16
a 356 426 0 7 25
a 363 28 0 256 25
a 363 132 0 8 31
a 363 589 0 4 37
a 399 500 0 256 50
a 399 540 0 4 36
a 399 216 0 2 37
a 399 267 0 2 41
a 399 402 0 10 32
a 399 226 0 5 40
a 399 563 0 10 16
a 399 114 0 7 10
a 399 526 0 9 40
a 399 142 0 7 8
a 399 405 0 7 18
a 399 484 0 10 21
a 399 219 0 10 39
a 399 420 0 7 29
a 399 353 0 7 27
a 409 234 0 256 50
a 409 411 0 8 11
a 409 146 0 1 28
a 409 345 0 10 4
a 409 230 0 10 5
a 409 403 0 6 36
a 409 266 0 5 29
a 412 145 0 256 50
a 412 29 0 8 22
a 412 378 0 1 36
a 412 501 0 9 43
a 412 582 0 2 38
a 412 89 0 3 26
a 412 276 0 7 20
a 412 308 0 9 48
a 412 562 0 2 38
a 412 290 0 6 18
a 420 302 0 256 26
a 420 432 0 3 46
a 420 577 0 2 37
a 420 79 0 5 29
a 429 567 0 256 48
a 429 189 0 6 21
a 429 368 0 8 4
a 429 430 0 5 42
a 429 475 0 9 27
a 429 35 0 1 36
a 429 220 0 10 28
a 429 346 0 6 47
a 432 412 0 256 50
a 432 294 0 8 24
a 432 466 0 1 29
a 432 548 0 6 22
a 432 476 0 5 16
a 437 152 0 256 50
a 437 238 0 6 9
a 437 239 0 2 50
a 437 167 0 5 29
a 437 312 0 9 19
a 437 516 0 9 43
a 437 245 0 1 10
a 441 219 0 256 50
a 441 577 0 3 38
a 441 297 0 7 33
a 441 273 0 2 38
a 441 385 0 9 28
a 441 145 0 9 30
a 441 586 0 10 40
a 441 354 0 8 14
a 441 442 0 6 18
a 441 439 0 3 42
a 441 487 0 8 46
a 441 534 0 4 11
a 441 475 0 9 13
a 445 348 0 256 50
a 445 16 0 4 48
a 445 498 0 1 45
a 445 198 0 3 17
a 445 346 0 5 47
a 445 347 0 3 7
a 445 145 0 2 40
a 445 190 0 1 26
a 445 156 0 5 26
a 445 572 0 7 6
a 448 420 0 256 50
a 448 562 0 8 6
a 448 270 0 4 41
a 448 79 0 7 4
a 448 80 0 4 23
a 448 255 0 5 3
a 448 65 0 6 49
a 448 145 0 2 6
a 448 216 0 5 18
a 448 549 0 10 9
a 448 257 0 1 21
a 448 60 0 1 46
a 448 572 0 9 37
a 448 436 0 8 3
a 473 96 0 256 16
a 473 505 0 9 22
a 473 152 0 2 42
a 473 149 0 7 10
a 473 411 0 7 34
a 473 492 0 10 24
a 473 18 0 10 4
a 473 125 0 2 37
a 473 256 0 1 9
a 473 95 0 7 17
a 473 282 0 9 21
a 473 499 0 4 28
a 473 490 0 7 21
a 473 431 0 1 26
a 476 535 0 256 50
a 476 11 0 3 35
a 476 35 0 8 39
a 476 89 0 4 5
a 476 264 0 10 19
a 476 149 0 2 23
a 476 32 0 8 8
a 476 599 0 3 16
a 484 294 0 256 50
a 484 186 0 5 18
a 484 51 0 5 8
a 484 595 0 7 13
a 484 564 0 9 5
a 484 199 0 1 22
a 484 33 0 10 46
a 484 532 0 10 44
a 485 538 0 256 50
a 485 408 0 9 48
a 500 568 0 256 24
a 500 327 0 4 8
a 500 496 0 4 37
a 500 329 0 8 3
a 500 112 0 8 22
a 500 158 0 5 22
a 500 190 0 3 46
a 500 94 0 5 49
a 500 574 0 2 5
a 500 172 0 2 17
a 510 18 0 256 50
a 510 320 0 4 50
a 510 363 0 1 40
a 535 200 0 256 42
a 535 488 0 3 34
a 535 394 0 4 6
a 535 239 0 8 49
a 535 198 0 9 30
a 535 592 0 9 17
a 535 417 0 7 39
a 538 60 0 256 45
a 538 584 0 6 31
a 538 55 0 1 1
a 538 585 0 5 9
a 538 289 0 10 5
a 546 45 0 256 50
a 546 75 0 10 8
a 546 100 0 1 17
a 546 101 0 3 19
a 546 519 0 1 27
a 546 348 0 8 47
a 546 119 0 5 9
a 554 448 0 256 37
a 554 366 0 10 2
a 554 384 0 3 35
a 554 440 0 5 8
a 554 468 0 1 43
a 554 536 0 1 2
a 554 310 0 10 22
a 554 51 0 4 44
a 554 267 0 10 3
a 554 495 0 6 17
a 554 236 0 7 9
a 559 155 0 256 50
a 559 320 0 1 18
a 559 81 0 3 40
a 559 200 0 3 37
a 559 421 0 4 11
a 559 555 0 6 2
a 567 327 0 256 50
a 567 306 0 10 33
a 567 454 0 7 28
a 567 86 0 3 35
a 567 82 0 3 43
a 567 375 0 1 24
a 567 409 0 8 6
a 567 485 0 2 27
a 567 502 0 3 26
a 567 452 0 4 1
a 568 473 0 256 49
a 568 579 0 2 33
a 568 343 0 2 2
a 568 429 0 1 30
a 568 122 0 5 39
a 568 291 0 2 31
a 568 160 0 2 30
a 568 461 0 1 23
a 568 263 0 4 37
a 571 317 0 256 50
a 571 231 0 10 4
a 571 274 0 3 6
a 571 122 0 9 5
a 571 416 0 1 28
a 571 369 0 6 45
a 571 438 0 1 27
a 571 193 0 2 17
a 571 563 0 8 6
a 571 218 0 8 8
a 571 357 0 6 12
a 571 542 0 10 16
a 571 266 0 9 29
a 571 65 0 4 5
a 571 487 0 7 6
a 5 90 0 236 50
a 5 36 0 4 42
a 5 157 0 10 17
a 5 96 0 1 11
a 5 528 0 6 3
a 5 561 0 7 37
a 5 480 0 6 50
a 5 570 0 1 29
a 5 393 0 6 42
a 21 416 0 236 15
a 21 164 0 4 42
a 27 196 0 236 1
a 27 123 0 4 8
a 37 116 0 236 50
a 37 396 0 4 13
a 37 238 0 10 14
a 37 465 0 9 49
a 37 553 0 4 23
a 37 416 0 8 23
a 37 274 0 7 24
a 37 94 0 6 27
a 37 41 0 4 3
a 37 262 0 5 35
a 49 516 0 236 17
a 49 284 0 8 27
a 49 552 0 9 23
a 49 476 0 4 26
a 49 273 0 8 35
a 49 484 0 1 33
a 49 588 0 1 4
a 50 55 0 236 50
a 50 66 0 10 30
a 50 341 0 1 7
a 50 308 0 6 27
a 50 413 0 1 20
a 50 435 0 4 44
a 50 28 0 10 5
a 50 116 0 5 36
a 50 25 0 2 23
a 55 98 0 236 22
a 55 531 0 7 20
a 55 575 0 2 49
a 55 324 0 3 49
a 55 329 0 2 25
a 55 467 0 2 9
a 55 356 0 1 9
a 55 162 0 8 31
a 64 401 0 236 50
a 64 215 0 9 43
a 64 473 0 5 3
a 64 475 0 5 42
a 64 558 0 6 12
a 64 100 0 4 42
a 64 30 0 10 6
a 64 268 0 5 6
a 64 586 0 4 28
a 64 138 0 5 14
a 64 318 0 10 25
a 64 166 0 5 21
a 64 413 0 3 22
a 65 472 0 236 50
a 65 458 0 7 8
a 65 275 0 5 24
a 65 369 0 10 39
a 65 474 0 1 19
a 65 276 0 4 48
a 65 387 0 10 15
a 65 24 0 5 11
a 65 339 0 3 7
a 65 597 0 4 15
a 65 86 0 9 7
a 65 326 0 2 36
a 66 276 0 236 35
a 66 483 0 10 2
a 66 564 0 3 16
a 66 309 0 1 12
a 66 151 0 7 13
a 66 450 0 5 14
a 66 258 0 8 16
a 66 518 0 4 3
a 69 49 0 236 50
a 69 287 0 6 27
a 69 199 0 7 48
a 69 316 0 6 38
a 69 364 0 9 44
a 69 588 0 10 26
a 69 596 0 3 4
a 69 417 0 8 4
a 79 286 0 236 50
a 79 254 0 4 1
a 79 11 0 1 30
a 79 169 0 7 33
a 79 185 0 4 12
a 79 343 0 3 47
a 79 178 0 8 1
a 79 132 0 3 48
a 79 114 0 1 23
a 79 42 0 5 15
a 79 82 0 1 23
a 79 418 0 8 15
a 79 548 0 8 40
a 79 145 0 2 18
a 79 516 0 5 14
a 85 66 0 236 50
a 85 106 0 10 32
a 85 137 0 6 34
a 85 454 0 10 36
a 85 525 0 8 47
a 85 312 0 9 33
a 85 462 0 1 5
a 85 214 0 10 35
a 85 163 0 9 12
a 85 169 0 10 16
a 88 91 0 236 27
a 88 68 0 5 11
a 88 318 0 5 35
a 88 332 0 6 33
a 88 543 0 8 30
a 88 271 0 1 1
a 88 229 0 1 24
a 88 53 0 6 26
a 88 475 0 7 7
a 88 580 0 8 45
a 88 165 0 9 49
a 88 549 0 8 31
a 88 413 0 8 42
a 88 324 0 4 10
a 88 417 0 1 4
a 89 126 0 236 28
a 89 511 0 6 25
a 89 49 0 9 14
a 89 477 0 8 50
a 89 547 0 3 31
a 89 522 0 7 2
a 89 543 0 8 45
a 89 436 0 5 50
a 89 252 0 4 45
a 89 373 0 5 19
a 89 303 0 9 4
a 90 421 0 236 5
a 90 463 0 5 47
a 90 307 0 1 44
a 90 340 0 6 15
a 90 577 0 3 17
a 90 24 0 6 35
a 90 288 0 7 7
a 90 405 0 5 24
a 90 330 0 9 22
a 90 73 0 7 5
a 90 212 0 3 9
a 91 215 0 236 50
a 91 421 0 7 8
a 91 94 0 1 37
a 91 528 0 8 41
a 91 188 0 9 16
a 91 554 0 5 43
a 91 251 0 9 4
a 91 432 0 1 7
a 91 166 0 6 40
a 98 438 0 236 18
a 98 461 0 2 47
a 98 131 0 9 37
a 116 465 0 236 31
a 116 449 0 6 46
a 116 534 0 7 8
a 116 598 0 10 9
a 116 448 0 2 50
a 116 376 0 4 1
a 116 500 0 9 18
a 116 425 0 7 19
a 116 400 0 7 13
a 116 347 0 2 18
a 116 241 0 5 23
a 116 58 0 1 42
a 119 262 0 236 29
a 119 515 0 4 46
a 119 499 0 4 13
a 119 319 0 7 27
a 119 373 0 1 4
a 119 145 0 2 21
a 119 358 0 8 23
a 119 498 0 5 31
a 119 189 0 2 34
a 119 137 0 2 8
a 119 91 0 5 21
a 119 246 0 4 29
a 119 178 0 10 36
a 126 318 0 236 38
a 126 98 0 7 49
a 126 410 0 9 5
a 126 326 0 4 20
a 140 326 0 236 50
a 140 93 0 3 27
a 140 117 0 3 42
a 140 16 0 1 48
a 140 118 0 7 33
a 140 470 0 1 21
a 140 181 0 8 10
a 140 339 0 8 33
a 140 355 0 5 14
a 140 419 0 7 28
a 140 212 0 5 38
a 140 131 0 2 1
a 140 162 0 8 30
a 140 68 0 2 35
a 158 340 0 236 10
a 158 563 0 4 33
a 158 62 0 9 34
a 158 180 0 2 37
a 158 332 0 2 13
a 158 257 0 7 21
a 158 443 0 5 31
a 158 293 0 7 28
a 158 396 0 8 21
a 158 117 0 6 44
a 158 339 0 9 26
a 158 319 0 9 32
a 158 426 0 3 21
a 158 26 0 9 19
a 158 447 0 1 18
a 192 458 0 236 47
a 192 223 0 1 43
a 192 560 0 2 44
a 192 358 0 1 48
a 192 322 0 10 33
a 196 511 0 236 50
a 196 220 0 7 25
a 196 172 0 7 36
a 196 431 0 10 49
a 196 390 0 10 42
a 196 438 0 6 43
a 196 377 0 10 21
a 196 27 0 8 31
a 196 416 0 7 43
a 196 337 0 9 38
a 196 247 0 10 32
a 196 470 0 10 39
a 196 25 0 7 29
a 196 291 0 1 23
a 196 137 0 9 49
a 201 345 0 236 50
a 201 463 0 7 17
a 201 93 0 10 29
a 201 377 0 8 39
a 201 190 0 3 14
a 201 445 0 7 6
a 201 49 0 1 37
a 201 78 0 8 20
a 201 315 0 10 13
a 201 414 0 1 33
a 215 79 0 236 4
a 215 116 0 7 31
a 215 326 0 10 34
a 215 301 0 5 46
a 215 478 0 8 15
a 215 484 0 4 1
a 215 286 0 10 25
a 215 217 0 9 31
a 215 450 0 8 22
a 215 168 0 10 30
a 215 224 0 2 46
a 215 287 0 4 37
a 215 347 0 8 48
a 244 65 0 236 50
a 244 484 0 5 3
a 244 313 0 5 35
a 244 295 0 9 39
a 244 512 0 8 9
a 244 563 0 4 29
a 244 197 0 3 19
a 244 429 0 2 17
a 244 204 0 7 2
a 244 217 0 9 8
a 244 124 0 9 18
a 260 277 0 236 50
a 260 301 0 6 50
a 260 458 0 9 23
a 260 502 0 3 42
a 260 359 0 3 32
a 260 292 0 3 2
a 260 207 0 3 10
a 260 393 0 2 7
a 260 557 0 1 7
a 260 448 0 9 36
a 260 414 0 9 36
a 260 361 0 10 41
a 260 336 0 9 33
a 260 114 0 6 47
a 262 586 0 236 16
a 262 506 0 9 47
a 273 461 0 236 46
a 273 113 0 5 26
a 273 162 0 7 34
a 276 321 0 236 24
a 276 495 0 4 34
a 276 541 0 5 17
a 276 360 0 6 42
a 276 222 0 9 23
a 276 318 0 5 33
a 276 371 0 7 1
a 276 26 0 1 11
a 276 161 0 7 4
a 276 61 0 5 12
a 277 492 0 236 18
a 277 596 0 10 48
a 277 113 0 7 24
a 277 475 0 9 10
a 277 105 0 6 46
a 277 480 0 3 29
a 277 82 0 4 14
a 277 103 0 9 50
a 277 13 0 2 48
a 277 24 0 9 28
a 277 563 0 8 50
a 277 114 0 1 18
a 277 315 0 9 49
a 277 574 0 8 32
a 277 269 0 1 33
a 285 140 0 236 47
a 285 557 0 1 4
a 285 89 0 10 3
a 285 312 0 8 42
a 285 52 0 7 22
a 285 502 0 3 18
a 285 554 0 10 9
a 285 552 0 3 25
a 285 243 0 6 45
a 285 453 0 8 36
a 285 442 0 10 5
a 285 126 0 2 30
a 285 407 0 7 42
a 286 21 0 236 10
a 286 252 0 2 38
a 286 568 0 3 30
a 286 45 0 6 28
a 318 457 0 236 50
a 318 501 0 7 21
a 318 477 0 6 39
a 318 143 0 7 14
a 318 14 0 7 40
a 318 249 0 8 15
a 318 114 0 2 10
a 318 193 0 6 27
a 318 272 0 7 3
a 318 429 0 2 3
a 318 280 0 2 26
a 318 28 0 5 48
a 321 444 0 236 50
a 321 593 0 236 1
a 321 121 0 9 6
a 326 158 0 236 50
a 326 376 0 8 19
a 326 570 0 10 27
a 326 54 0 4 46
a 326 135 0 10 26
a 326 413 0 4 42
a 326 528 0 2 31
a 326 558 0 10 12
a 326 235 0 8 42
a 340 119 0 236 33
a 340 431 0 1 20
a 340 556 0 7 15
a 340 568 0 4 13
a 340 131 0 2 7
a 340 414 0 5 18
a 340 439 0 9 20
a 340 257 0 8 29
a 340 284 0 3 34
a 340 193 0 9 37
a 340 370 0 7 14
a 340 183 0 7 45
a 340 577 0 3 37
a 340 489 0 3 15
a 340 424 0 5 37
a 341 192 0 236 50
a 341 446 0 5 19
a 341 30 0 1 26
a 341 340 0 7 12
a 341 11 0 3 23
a 341 53 0 5 50
a 341 430 0 3 11
a 341 322 0 5 49
a 341 37 0 7 45
a 341 163 0 8 37
a 341 535 0 6 30
a 341 372 0 2 48
a 341 433 0 7 40
a 345 85 0 236 47
a 345 195 0 5 30
a 347 514 0 236 50
a 347 251 0 7 14
a 347 150 0 2 25
a 347 406 0 2 6
a 347 270 0 3 44
a 347 420 0 3 23
a 347 76 0 1 22
a 347 250 0 8 10
a 347 477 0 9 13
a 347 207 0 6 48
a 347 127 0 4 12
a 347 263 0 4 43
a 347 235 0 9 41
a 347 233 0 8 39
a 360 260 0 236 50
a 360 122 0 3 35
a 360 272 0 6 35
a 360 373 0 1 42
a 360 169 0 6 49
a 360 103 0 6 7
a 360 516 0 1 46
a 360 278 0 2 13
a 360 67 0 2 29
a 360 556 0 3 3
a 360 552 0 9 15
a 360 327 0 3 27
a 401 27 0 236 24
a 401 533 0 2 1
a 401 94 0 3 44
a 401 395 0 7 27
a 401 318 0 1 44
a 401 70 0 9 14
a 401 526 0 8 39
a 401 287 0 2 2
a 401 39 0 10 5
a 401 534 0 5 44
a 402 37 0 236 25
a 402 275 0 3 17
a 402 190 0 9 31
a 416 273 0 236 50
a 416 244 0 3 50
a 416 374 0 4 1
a 416 228 0 6 43
a 416 539 0 10 40
a 416 506 0 2 11
a 416 438 0 7 50
a 416 306 0 10 4
a 416 159 0 8 8
a 416 461 0 1 50
a 416 450 0 5 50
a 416 117 0 6 22
a 416 98 0 2 17
a 416 16 0 7 9
a 416 110 0 10 7
a 421 69 0 236 50
a 421 539 0 1 6
a 421 276 0 2 47
a 421 509 0 9 38
a 421 384 0 7 33
a 421 599 0 5 3
a 421 546 0 2 22
a 421 512 0 5 17
a 421 458 0 4 37
a 438 201 0 236 8
a 438 420 0 3 11
a 438 262 0 4 30
a 438 545 0 2 27
a 438 40 0 2 11
a 438 564 0 1 29
a 438 296 0 3 17
a 438 416 0 7 49
a 438 158 0 10 11
a 438 359 0 10 14
a 444 402 0 236 50
a 444 590 0 5 43
a 444 482 0 4 12
a 444 375 0 8 13
a 444 72 0 3 22
a 444 67 0 9 34
a 457 360 0 236 29
a 457 433 0 2 2
a 457 363 0 9 44
a 457 389 0 5 32
a 457 229 0 8 2
a 457 117 0 6 26
a 457 29 0 4 31
a 457 244 0 8 25
a 457 256 0 4 44
a 457 73 0 5 6
a 457 213 0 5 28
a 457 369 0 6 38
a 457 172 0 2 40
a 457 98 0 8 40
a 457 410 0 1 29
a 458 542 0 236 50
a 458 543 0 6 33
a 458 465 0 10 16
a 461 50 0 236 50
a 461 124 0 6 28
a 465 600 0 236 16
a 465 161 0 1 43
a 465 100 0 3 1
a 465 265 0 7 18
a 465 277 0 7 40
a 465 457 0 2 45
a 472 341 0 236 3
a 472 534 0 4 22
a 472 596 0 2 3
a 492 285 0 236 22
a 492 30 0 3 33
a 492 147 0 7 8
a 492 396 0 10 28
a 511 347 0 236 35
a 511 301 0 10 50
a 511 303 0 6 49
a 511 308 0 9 22
a 511 142 0 5 17
a 514 88 0 236 20
a 514 264 0 7 25
a 514 489 0 1 46
a 514 200 0 9 32
a 514 413 0 1 16
a 514 204 0 8 48
a 514 322 0 7 7
a 514 378 0 6 5
a 514 256 0 9 17
a 514 39 0 10 3
a 514 293 0 2 17
a 516 89 0 236 50
a 516 256 0 4 4
a 516 43 0 3 37
a 516 557 0 5 7
a 516 341 0 4 8
a 516 35 0 1 20
a 516 293 0 10 9
a 542 64 0 236 50
a 542 116 0 3 29
a 542 370 0 8 31
a 542 313 0 6 36
a 542 143 0 2 35
a 542 21 0 7 11
a 542 426 0 10 2
a 542 294 0 10 11
a 542 372 0 2 20
a 542 460 0 2 2
a 542 56 0 4 14
a 542 394 0 8 36
a 542 118 0 10 29
a 542 15 0 9 40
a 542 253 0 6 8
a 586 244 0 236 50
a 586 128 0 9 40
a 586 245 0 5 21
a 586 397 0 7 35
a 586 501 0 7 12
a 586 444 0 3 31
a 586 413 0 6 19
a 586 512 0 7 22
a 586 16 0 3 43
a 586 261 0 5 31
a 586 162 0 6 40
a 6 104 0 300 20
a 6 357 0 10 8
a 6 65 0 3 18
a 6 19 0 2 16
a 6 157 0 9 28
a 6 197 0 7 13
a 6 146 0 9 12
a 6 406 0 6 30
a 6 513 0 3 45
a 6 340 0 4 30
a 6 280 0 3 45
a 6 253 0 6 42
a 6 413 0 6 36
a 11 83 0 300 50
a 11 190 0 4 8
a 11 175 0 7 17
a 11 89 0 7 21
a 11 289 0 2 36
a 53 372 0 300 22
a 53 141 0 1 50
a 53 529 0 8 42
a 53 493 0 2 28
a 83 221 0 300 50
a 83 101 0 3 22
a 83 168 0 2 3
a 83 136 0 2 21
a 83 135 0 6 28
a 83 62 0 9 21
a 83 142 0 4 40
a 83 196 0 7 31
a 83 192 0 1 4
a 83 457 0 1 30
a 94 103 0 300 10
a 94 36 0 5 45
a 94 260 0 4 33
a 101 228 0 300 50
a 101 159 0 2 28
a 101 358 0 6 24
a 101 369 0 5 29
a 101 58 0 3 35
a 101 90 0 7 20
a 101 582 0 6 32
a 101 445 0 6 17
a 101 112 0 2 7
a 101 289 0 1 45
a 103 413 0 300 40
a 103 402 0 4 21
a 104 573 0 300 50
a 104 331 0 6 22
a 104 47 0 9 35
a 104 385 0 10 33
a 104 134 0 9 2
a 104 138 0 4 5
a 104 494 0 1 45
a 104 72 0 10 36
a 104 443 0 7 31
a 104 303 0 8 29
a 106 425 0 300 50
a 106 575 0 8 17
a 106 92 0 1 19
a 106 509 0 1 15
a 106 266 0 2 26
a 106 236 0 10 7
a 106 141 0 6 46
a 106 487 0 10 21
a 110 358 0 300 50
a 110 344 0 10 9
a 110 64 0 7 30
a 118 106 0 300 50
a 118 210 0 4 49
a 118 114 0 5 12
a 118 451 0 6 3
a 118 74 0 7 28
a 118 509 0 6 15
a 118 517 0 10 9
a 118 309 0 9 24
a 118 42 0 6 1
a 118 244 0 8 36
a 118 424 0 5 37
a 118 442 0 3 46
a 118 55 0 1 7
a 128 101 0 300 50
a 128 592 0 300 50
a 128 583 0 2 35
a 128 39 0 3 1
a 128 278 0 3 50
a 128 441 0 8 30
a 128 452 0 10 49
a 128 66 0 1 36
a 134 128 0 300 19
a 134 88 0 5 50
a 135 364 0 300 50
a 135 597 0 2 1
a 135 361 0 3 45
a 135 187 0 4 38
a 135 108 0 1 27
a 139 110 0 300 50
a 139 178 0 7 40
a 139 161 0 10 12
a 139 83 0 4 10
a 139 500 0 8 34
a 139 572 0 5 43
a 139 338 0 2 11
a 139 250 0 6 16
a 143 315 0 300 50
a 143 94 0 6 27
a 143 49 0 10 13
a 143 587 0 2 5
a 143 154 0 7 41
a 143 422 0 4 47
a 143 550 0 8 29
a 143 471 0 5 15
a 179 312 0 300 31
a 179 502 0 7 7
a 179 449 0 10 32
a 179 86 0 9 26
a 179 474 0 7 41
a 179 96 0 1 15
a 179 512 0 1 32
a 179 164 0 6 36
a 179 586 0 6 33
a 179 425 0 6 17
a 179 325 0 1 9
a 179 251 0 1 22
a 179 576 0 4 33
a 179 233 0 2 45
a 179 253 0 5 29
a 184 118 0 300 18
a 184 211 0 4 20
a 184 534 0 3 20
a 204 474 0 300 50
a 204 545 0 4 34
a 204 86 0 4 37
a 204 46 0 3 28
a 204 172 0 4 27
a 204 450 0 5 48
a 204 192 0 2 33
a 204 105 0 7 11
a 204 334 0 2 20
a 204 126 0 9 46
a 204 116 0 10 49
a 204 344 0 3 24
a 204 342 0 10 13
a 204 314 0 6 33
a 204 56 0 6 40
a 210 217 0 300 50
a 210 115 0 2 46
a 210 439 0 2 35
a 210 340 0 7 24
a 210 354 0 4 12
a 210 502 0 9 30
a 213 135 0 300 47
a 213 122 0 1 22
a 217 410 0 300 3
a 217 524 0 9 2
a 217 214 0 6 45
a 217 322 0 3 43
a 217 326 0 10 4
a 217 132 0 1 44
a 217 236 0 10 42
a 217 88 0 6 1
a 217 84 0 7 40
a 217 215 0 8 45
a 217 99 0 10 3
a 217 118 0 5 20
a 217 232 0 5 3
a 217 505 0 4 10
a 221 213 0 300 50
a 221 597 0 1 41
a 221 122 0 7 26
a 221 228 0 6 8
a 221 402 0 3 17
a 221 242 0 9 30
a 223 134 0 300 50
a 223 148 0 9 4
a 223 238 0 2 46
a 223 257 0 7 17
a 223 377 0 10 29
a 223 354 0 8 26
a 223 509 0 4 7
a 223 283 0 3 11
a 223 514 0 1 34
a 223 300 0 2 3
a 223 403 0 5 45
a 223 162 0 1 41
a 228 308 0 300 44
a 228 474 0 8 45
a 228 466 0 1 25
a 228 478 0 3 11
a 228 535 0 8 3
a 228 137 0 5 36
a 228 132 0 4 1
a 228 502 0 5 49
a 228 244 0 6 26
a 228 89 0 7 18
a 228 436 0 1 8
a 228 399 0 2 29
a 228 486 0 7 39
a 299 435 0 300 50
a 299 48 0 2 7
a 299 570 0 9 37
a 299 235 0 6 22
a 299 150 0 7 46
a 299 274 0 4 16
a 299 267 0 9 23
a 299 206 0 5 28
a 299 476 0 2 19
a 299 342 0 1 3
a 299 439 0 10 31
a 299 530 0 5 10
a 307 428 0 300 2
a 307 447 0 6 6
a 307 495 0 10 41
a 307 122 0 2 9
a 307 67 0 6 17
a 307 499 0 4 23
a 307 313 0 4 47
a 308 419 0 300 29
a 308 275 0 2 4
a 308 484 0 4 24
a 308 25 0 7 14
a 308 75 0 3 7
a 308 204 0 2 50
a 308 149 0 9 9
a 308 155 0 1 19
a 308 461 0 2 20
a 308 140 0 1 20
a 308 532 0 7 40
a 312 223 0 300 50
a 312 597 0 7 12
a 312 341 0 1 28
a 312 265 0 8 7
a 312 512 0 5 28
a 312 76 0 9 15
a 312 328 0 8 33
a 312 36 0 6 30
a 315 53 0 300 37
a 315 180 0 2 11
a 315 259 0 9 47
a 315 461 0 7 33
a 315 188 0 9 43
a 339 204 0 300 50
a 339 447 0 6 46
a 339 215 0 2 3
a 339 431 0 9 3
a 339 93 0 4 35
a 339 119 0 10 33
a 339 459 0 3 11
a 339 319 0 3 42
a 339 263 0 4 48
a 339 253 0 7 3
a 339 352 0 4 16
a 339 345 0 5 34
a 339 342 0 4 15
a 339 326 0 3 15
a 343 210 0 300 50
a 343 594 0 5 5
a 358 94 0 300 50
a 358 220 0 2 4
a 358 77 0 10 2
a 364 600 0 300 13
a 364 290 0 4 24
a 364 154 0 9 33
a 364 57 0 9 16
a 364 396 0 2 26
a 364 339 0 4 44
a 364 161 0 4 24
a 364 566 0 1 36
a 364 405 0 1 15
a 364 123 0 5 36
a 364 319 0 5 47
a 364 171 0 6 2
a 364 144 0 10 12
a 364 286 0 2 8
a 364 285 0 6 23
a 372 545 0 300 4
a 372 328 0 4 17
a 372 159 0 8 18
a 372 26 0 2 20
a 372 483 0 5 38
a 372 95 0 3 6
a 372 538 0 6 44
a 372 543 0 7 42
a 372 227 0 10 7
a 372 189 0 5 3
a 372 64 0 8 34
a 372 554 0 10 27
a 372 573 0 9 35
a 381 339 0 300 50
a 381 446 0 4 16
a 381 385 0 7 35
a 381 584 0 3 48
a 404 179 0 300 36
a 404 419 0 7 35
a 404 114 0 4 35
a 404 307 0 1 50
a 404 502 0 2 3
a 404 345 0 6 43
a 404 575 0 4 17
a 404 525 0 7 40
a 404 336 0 1 29
a 404 37 0 9 4
a 408 307 0 300 50
a 408 344 0 8 11
a 408 469 0 1 16
a 408 126 0 5 48
a 408 449 0 7 46
a 408 495 0 3 24
a 408 399 0 10 33
a 408 111 0 9 8
a 410 469 0 300 34
a 410 47 0 6 22
a 410 207 0 2 18
a 410 272 0 2 2
a 410 505 0 4 35
a 410 157 0 4 25
a 410 139 0 4 26
a 410 225 0 7 18
a 410 138 0 5 9
a 410 461 0 6 27
a 410 353 0 5 9
a 410 444 0 4 10
a 410 30 0 7 34
a 413 541 0 300 50
a 413 46 0 7 11
a 413 239 0 9 29
a 413 327 0 2 9
a 413 360 0 1 15
a 413 276 0 10 31
a 413 571 0 9 18
a 419 299 0 300 47
a 419 184 0 5 33
a 419 493 0 3 44
a 425 408 0 300 50
a 425 350 0 4 42
a 425 210 0 7 27
a 425 324 0 4 37
a 425 283 0 6 28
a 425 553 0 5 50
a 425 464 0 8 40
a 425 109 0 9 14
a 425 424 0 4 30
a 425 163 0 3 8
a 425 191 0 10 25
a 425 299 0 7 41
a 425 194 0 1 18
a 425 224 0 2 1
a 425 317 0 4 30
a 428 551 0 300 1
a 428 358 0 4 13
a 428 573 0 6 36
a 428 572 0 5 26
a 428 165 0 8 26
a 428 233 0 3 41
a 428 167 0 6 12
a 428 461 0 8 19
a 428 288 0 1 21
a 428 528 0 7 49
a 428 261 0 6 10
a 435 549 0 300 50
a 435 406 0 3 1
a 435 345 0 2 20
a 435 31 0 5 29
a 435 201 0 3 10
a 435 375 0 1 18
a 462 143 0 300 35
a 462 266 0 4 40
a 462 415 0 2 45
a 462 22 0 9 36
a 462 27 0 6 3
a 462 270 0 6 2
a 462 275 0 6 28
a 462 321 0 9 44
a 462 246 0 10 38
a 462 79 0 8 30
a 462 592 0 10 29
a 462 34 0 9 28
a 462 173 0 5 20
a 462 52 0 2 42
a 469 462 0 300 50
a 469 461 0 9 41
a 469 477 0 3 50
a 469 397 0 8 3
a 469 529 0 2 21
a 469 105 0 8 44
a 469 119 0 7 8
a 469 188 0 9 21
a 474 478 0 300 22
a 474 35 0 2 21
a 474 437 0 8 43
a 474 481 0 7 37
a 474 150 0 7 44
a 474 308 0 1 37
a 474 266 0 3 15
a 474 587 0 2 47
a 478 184 0 300 15
a 478 447 0 2 47
a 478 260 0 6 27
a 478 230 0 3 49
a 478 32 0 6 41
a 541 404 0 300 50
a 541 194 0 4 1
a 541 552 0 4 42
a 541 360 0 1 39
a 541 401 0 3 31
a 541 449 0 9 7
a 545 381 0 300 50
a 545 552 0 3 45
a 545 297 0 3 37
a 545 151 0 1 18
a 545 503 0 6 13
a 545 301 0 3 49
a 545 19 0 8 17
a 549 11 0 300 2
a 549 95 0 4 7
a 549 251 0 8 37
a 549 575 0 9 14
a 549 493 0 4 34
a 549 30 0 2 24
a 549 561 0 10 44
a 549 590 0 1 47
a 549 47 0 1 9
a 551 139 0 300 50
a 551 543 0 5 27
a 551 104 0 7 20
a 551 395 0 5 6
a 573 343 0 300 47
a 573 315 0 3 1
a 573 378 0 1 25
a 573 599 0 5 28
a 573 490 0 4 10
a 573 236 0 9 17
a 573 416 0 3 3
a 573 284 0 6 5
a 573 552 0 8 42
a 573 475 0 5 39
a 573 578 0 2 50
a 573 247 0 1 42
a 573 579 0 9 22
a 7 544 0 195 50
a 7 561 0 8 7
a 7 52 0 9 14
a 7 540 0 3 38
a 16 38 0 195 50
a 16 220 0 8 2
a 16 128 0 5 45
a 16 539 0 9 40
a 16 501 0 8 12
a 16 187 0 8 43
a 16 170 0 5 14
a 16 549 0 1 27
a 16 234 0 2 25
a 19 298 0 195 50
a 19 424 0 7 32
a 30 552 0 195 50
a 30 547 0 1 6
a 30 396 0 5 49
a 34 102 0 195 25
a 34 128 0 4 42
a 34 365 0 3 45
a 34 401 0 1 37
a 34 502 0 1 44
a 38 133 0 195 50
a 38 319 0 10 32
a 38 151 0 8 5
a 38 462 0 5 39
a 38 467 0 1 41
a 38 122 0 6 24
a 38 140 0 7 13
a 38 417 0 4 20
a 38 131 0 2 28
a 38 165 0 8 14
a 38 49 0 10 43
a 38 75 0 8 26
a 38 253 0 3 29
a 38 575 0 3 27
a 38 88 0 6 36
a 39 335 0 195 49
a 39 417 0 8 45
a 39 262 0 2 38
a 39 324 0 4 29
a 39 372 0 8 6
a 39 545 0 10 26
a 39 375 0 2 26
a 39 266 0 6 14
a 39 275 0 1 42
a 39 120 0 5 1
a 41 454 0 195 50
a 41 266 0 10 28
a 41 469 0 1 12
a 41 588 0 6 29
a 41 585 0 3 27
a 41 239 0 3 31
a 41 569 0 10 30
a 41 327 0 5 4
a 41 101 0 5 39
a 41 66 0 7 14
a 41 581 0 6 41
a 41 80 0 1 39
a 41 127 0 10 39
a 41 363 0 10 36
a 41 241 0 1 12
a 47 16 0 195 50
a 47 265 0 6 20
a 47 220 0 1 8
a 47 477 0 3 23
a 47 256 0 2 15
a 47 132 0 3 39
a 47 409 0 10 33
a 47 392 0 1 8
a 47 42 0 6 32
a 52 208 0 195 50
a 52 270 0 7 18
a 52 154 0 10 38
a 52 577 0 8 25
a 67 154 0 195 50
a 67 496 0 6 49
a 67 72 0 3 6
a 67 537 0 2 43
a 67 400 0 9 36
a 67 111 0 7 12
a 67 481 0 7 22
a 67 20 0 5 1
a 67 17 0 7 44
a 67 385 0 7 43
a 67 566 0 10 1
a 67 505 0 1 46
a 67 158 0 7 6
a 67 73 0 4 7
a 67 452 0 2 29
a 95 30 0 195 50
a 95 477 0 1 23
a 95 470 0 5 40
a 95 268 0 6 45
a 95 362 0 2 20
a 95 436 0 5 44
a 95 313 0 6 14
a 95 168 0 4 36
a 95 82 0 9 38
a 95 318 0 8 33
a 95 419 0 5 40
a 102 153 0 195 50
a 102 389 0 7 12
a 102 267 0 4 5
a 102 115 0 4 6
a 102 61 0 5 25
a 102 356 0 4 42
a 102 575 0 7 12
a 102 297 0 4 32
a 102 91 0 7 46
a 102 425 0 4 22
a 133 280 0 195 2
a 133 261 0 9 47
a 133 139 0 6 30
a 133 547 0 1 34
a 133 549 0 2 10
a 133 171 0 9 31
a 133 551 0 3 12
a 133 340 0 6 36
a 133 567 0 9 32
a 133 250 0 7 1
a 133 12 0 1 47
a 133 402 0 2 3
a 133 576 0 1 5
a 133 350 0 4 39
a 153 227 0 195 50
a 153 77 0 3 48
a 153 302 0 5 46
a 153 426 0 6 27
a 154 319 0 195 5
a 154 73 0 9 6
a 154 88 0 6 31
a 154 344 0 1 13
a 154 473 0 6 3
a 154 250 0 2 16
a 154 347 0 4 18
a 154 199 0 10 40
a 154 101 0 4 30
a 154 592 0 9 25
a 154 145 0 1 26
a 157 218 0 195 50
a 157 245 0 6 8
a 157 470 0 4 36
a 157 599 0 3 21
a 157 332 0 2 28
a 157 585 0 6 34
a 157 318 0 3 40
a 157 270 0 10 4
a 160 34 0 195 27
a 160 182 0 10 1
a 160 259 0 6 38
a 160 339 0 8 28
a 160 163 0 6 3
a 160 447 0 2 46
a 161 95 0 195 50
a 161 542 0 8 37
a 186 41 0 195 11
a 186 79 0 2 39
a 186 99 0 7 37
a 186 508 0 4 8
a 208 19 0 195 50
a 208 218 0 9 41
a 208 215 0 3 6
a 208 154 0 10 40
a 208 511 0 5 25
a 208 68 0 10 30
a 208 298 0 10 13
a 208 130 0 2 35
a 208 77 0 4 14
a 208 545 0 3 6
a 208 245 0 5 40
a 218 251 0 195 41
a 218 460 0 7 36
a 218 129 0 5 37
a 218 315 0 8 16
a 218 367 0 3 3
a 218 206 0 9 10
a 218 246 0 2 11
a 218 84 0 6 21
a 220 292 0 195 48
a 220 375 0 6 33
a 220 506 0 6 43
a 220 248 0 5 8
a 220 498 0 6 33
a 220 204 0 7 48
a 220 599 0 7 14
a 227 357 0 195 50
a 227 373 0 9 10
a 227 560 0 9 7
a 227 150 0 9 32
a 227 261 0 8 18
a 227 80 0 2 6
a 227 221 0 1 46
a 227 597 0 8 23
a 227 509 0 3 31
a 227 259 0 2 10
a 227 255 0 10 38
a 227 157 0 8 49
a 227 41 0 10 17
a 227 418 0 3 15
a 246 367 0 195 50
a 246 488 0 8 17
a 246 415 0 10 26
a 246 443 0 10 14
a 246 52 0 2 14
a 249 498 0 195 50
a 249 564 0 7 7
a 249 198 0 8 30
a 249 433 0 2 48
a 249 548 0 3 38
a 251 47 0 195 17
a 251 526 0 5 49
a 251 353 0 5 20
a 251 429 0 1 40
a 251 256 0 5 13
a 251 396 0 9 38
a 251 154 0 1 5
a 251 253 0 8 20
a 251 587 0 1 10
a 251 357 0 6 29
a 251 350 0 6 9
a 251 576 0 6 29
a 251 422 0 5 28
a 280 336 0 195 50
a 280 119 0 7 50
a 280 523 0 10 26
a 280 322 0 1 32
a 280 321 0 5 47
a 280 599 0 2 49
a 280 462 0 1 40
a 280 417 0 7 3
a 280 423 0 10 18
a 280 432 0 7 6
a 280 433 0 1 45
a 282 67 0 195 50
a 282 592 0 5 42
a 282 349 0 1 48
a 282 476 0 9 39
a 282 582 0 7 39
a 282 312 0 1 7
a 282 552 0 2 16
a 282 367 0 5 30
a 282 146 0 8 32
a 282 103 0 2 30
a 282 180 0 2 36
a 282 423 0 3 16
a 282 21 0 5 25
a 282 494 0 3 30
a 284 394 0 195 38
a 284 463 0 7 14
a 284 167 0 2 15
a 284 485 0 9 29
a 284 599 0 5 18
a 284 16 0 6 13
a 292 523 0 195 14
a 292 74 0 9 7
a 292 460 0 7 24
a 298 430 0 195 47
a 298 397 0 5 18
a 306 482 0 195 49
a 306 470 0 7 6
a 306 508 0 10 10
a 306 570 0 3 41
a 319 439 0 195 50
a 319 595 0 195 50
a 319 299 0 5 37
a 319 173 0 1 48
a 319 298 0 9 5
a 319 468 0 10 3
a 319 502 0 3 8
a 319 356 0 6 27
a 335 366 0 195 11
a 335 498 0 5 3
a 335 86 0 1 50
a 335 229 0 1 9
a 335 78 0 9 50
a 335 460 0 2 21
a 335 328 0 5 2
a 335 420 0 4 17
a 335 515 0 5 20
a 335 374 0 5 37
a 336 427 0 195 50
a 336 218 0 8 50
a 336 214 0 10 1
a 336 46 0 3 32
a 336 334 0 7 18
a 336 434 0 1 3
a 336 355 0 10 47
a 336 382 0 9 17
a 336 387 0 7 6
a 336 117 0 9 27
a 336 474 0 10 7
a 337 220 0 195 5
a 337 338 0 6 43
a 337 361 0 4 43
a 337 300 0 9 27
a 337 564 0 10 2
a 337 205 0 8 43
a 337 39 0 10 15
a 357 157 0 195 50
a 357 476 0 2 25
a 357 208 0 3 17
a 357 363 0 2 18
a 357 153 0 10 20
a 366 467 0 195 50
a 366 148 0 1 8
a 366 480 0 3 10
a 366 229 0 10 21
a 366 446 0 6 27
a 366 473 0 10 16
a 366 403 0 1 27
a 367 160 0 195 28
a 367 392 0 5 30
a 367 418 0 10 38
a 367 405 0 6 25
a 367 248 0 2 15
a 367 539 0 4 14
a 367 368 0 1 17
a 370 52 0 195 50
a 370 406 0 7 27
a 385 246 0 195 50
a 385 95 0 3 18
a 385 526 0 6 34
a 385 118 0 9 15
a 385 471 0 2 37
a 385 572 0 5 37
a 385 225 0 9 48
a 385 335 0 10 21
a 385 90 0 4 24
a 385 272 0 1 17
a 385 208 0 3 29
a 385 569 0 10 46
a 385 351 0 3 40
a 394 39 0 195 14
a 394 106 0 1 41
a 407 590 0 195 23
a 407 211 0 10 50
a 407 505 0 9 40
a 407 154 0 4 36
a 417 161 0 195 50
a 417 235 0 5 31
a 417 237 0 3 14
a 417 572 0 9 11
a 417 176 0 6 16
a 417 334 0 3 50
a 417 207 0 9 19
a 417 122 0 7 3
a 417 561 0 5 41
a 427 561 0 195 37
a 427 567 0 9 37
a 427 200 0 6 15
a 427 333 0 5 27
a 427 158 0 7 7
a 430 594 0 195 1
a 430 90 0 7 2
a 430 75 0 9 10
a 430 271 0 1 46
a 430 17 0 5 26
a 430 496 0 7 29
a 430 541 0 1 32
a 439 493 0 195 50
a 439 206 0 1 30
a 439 325 0 3 4
a 454 385 0 195 50
a 454 374 0 3 23
a 454 498 0 7 47
a 454 365 0 1 12
a 454 370 0 7 26
a 454 167 0 8 26
a 454 15 0 6 5
a 454 556 0 8 29
a 454 590 0 10 3
a 454 256 0 4 23
a 454 198 0 9 21
a 454 214 0 5 19
a 464 417 0 195 50
a 464 471 0 7 31
a 464 562 0 8 44
a 464 71 0 5 17
a 464 338 0 2 8
a 464 586 0 10 4
a 464 301 0 4 15
a 464 11 0 9 45
a 464 26 0 3 12
a 467 306 0 195 50
a 467 46 0 6 16
a 467 251 0 10 35
a 482 513 0 195 29
a 482 15 0 3 42
a 482 98 0 3 1
a 482 137 0 3 35
a 482 243 0 3 31
a 482 507 0 7 26
a 482 380 0 5 6
a 482 526 0 10 29
a 482 494 0 9 40
a 482 175 0 3 7
a 482 404 0 2 38
a 482 32 0 6 10
a 493 562 0 195 50
a 493 505 0 6 5
a 493 107 0 6 10
a 498 337 0 195 50
a 498 229 0 10 39
a 498 241 0 5 30
a 498 456 0 8 28
a 498 270 0 5 12
a 498 33 0 1 9
a 498 506 0 1 18
a 498 109 0 5 43
a 498 468 0 3 28
a 498 27 0 3 8
a 498 361 0 9 25
a 513 249 0 195 50
a 513 258 0 6 25
a 513 165 0 6 45
a 520 407 0 195 50
a 520 585 0 5 21
a 520 429 0 10 10
a 520 547 0 10 5
a 520 47 0 2 6
a 520 340 0 10 1
a 520 531 0 7 23
a 520 25 0 2 27
a 520 32 0 7 20
a 520 398 0 6 36
a 523 464 0 195 23
a 523 330 0 1 27
a 523 323 0 3 11
a 523 418 0 4 20
a 523 407 0 9 3
a 523 168 0 6 10
a 523 106 0 2 17
a 523 588 0 7 10
a 523 108 0 6 17
a 523 65 0 6 41
a 544 560 0 195 50
a 544 359 0 7 13
a 544 282 0 6 43
a 552 186 0 195 32
a 552 106 0 6 38
a 560 282 0 195 50
a 560 220 0 9 40
a 560 427 0 1 44
a 560 13 0 1 43
a 560 359 0 2 8
a 560 584 0 8 43
a 561 370 0 195 50
a 561 193 0 8 6
a 561 24 0 2 17
a 561 308 0 3 12
a 561 255 0 5 38
a 561 244 0 8 18
a 561 348 0 5 31
a 561 296 0 10 30
a 561 82 0 7 26
a 561 132 0 5 48
a 561 450 0 4 18
a 561 555 0 5 12
a 561 199 0 6 48
a 562 520 0 195 26
a 562 437 0 10 37
a 562 369 0 3 16
a 562 334 0 9 37
a 562 231 0 5 5
a 562 228 0 9 33
a 562 406 0 5 34
a 562 375 0 4 50
a 562 433 0 6 47
a 562 581 0 2 37
a 562 244 0 5 17
a 562 241 0 9 28
a 562 393 0 10 10
a 562 593 0 2 8
a 562 411 0 6 7
a 590 284 0 195 50
a 590 424 0 1 27
a 590 82 0 7 10
a 590 182 0 7 16
a 590 277 0 6 21
a 590 385 0 3 11
a 590 86 0 9 30
a 8 68 0 300 50
a 8 62 0 1 30
a 8 141 0 3 1
a 8 273 0 5 20
a 8 556 0 3 2
a 8 513 0 8 17
a 8 543 0 7 5
a 22 283 0 300 28
a 22 293 0 7 35
a 22 428 0 4 5
a 22 574 0 4 15
a 22 260 0 7 20
a 22 60 0 9 20
a 22 35 0 7 33
a 22 598 0 6 40
a 22 345 0 6 30
a 22 232 0 3 50
a 42 411 0 300 50
a 42 206 0 6 48
a 42 75 0 5 20
a 42 335 0 3 20
a 42 507 0 6 45
a 42 348 0 10 35
a 42 383 0 6 16
a 59 324 0 300 36
a 59 157 0 10 38
a 59 516 0 1 12
a 59 252 0 3 47
a 59 512 0 8 23
a 59 568 0 2 41
a 59 491 0 3 36
a 59 133 0 9 44
a 59 235 0 7 34
a 59 152 0 2 42
a 59 339 0 8 1
a 59 111 0 1 35
a 59 311 0 2 46
a 59 268 0 7 1
a 59 481 0 5 27
a 61 206 0 300 50
a 61 596 0 2 30
a 61 29 0 6 20
a 61 127 0 6 42
a 61 37 0 9 47
a 61 72 0 9 34
a 61 359 0 9 22
a 61 111 0 2 21
a 61 319 0 1 34
a 61 272 0 4 21
a 61 582 0 3 24
a 61 114 0 4 19
a 61 542 0 7 8
a 61 455 0 9 18
a 61 150 0 10 39
a 68 325 0 300 50
a 68 23 0 4 38
a 68 596 0 10 42
a 68 391 0 1 45
a 68 418 0 4 49
a 70 387 0 300 39
a 70 568 0 8 1
a 70 356 0 10 27
a 70 238 0 3 20
a 70 54 0 8 21
a 70 363 0 2 3
a 70 511 0 10 1
a 70 410 0 3 13
a 70 348 0 5 5
a 70 411 0 2 5
a 70 199 0 4 50
a 70 134 0 2 45
a 70 315 0 5 35
a 70 107 0 5 43
a 70 474 0 2 35
a 75 355 0 300 20
a 75 345 0 6 13
a 78 22 0 300 24
a 78 77 0 10 26
a 78 171 0 1 9
a 78 587 0 9 24
a 78 257 0 9 30
a 78 138 0 2 43
a 78 27 0 10 39
a 78 207 0 9 26
a 78 91 0 10 34
a 78 255 0 8 9
a 78 111 0 9 10
a 78 384 0 1 7
a 78 125 0 1 39
a 78 509 0 4 41
a 105 78 0 300 50
a 105 344 0 6 42
a 105 476 0 1 21
a 105 326 0 4 43
a 105 562 0 7 5
a 105 592 0 10 30
a 105 443 0 2 37
a 105 251 0 5 42
a 105 502 0 3 40
a 105 407 0 9 35
a 105 107 0 4 47
a 111 105 0 300 50
a 111 399 0 4 33
a 111 25 0 9 37
a 111 293 0 8 37
a 111 30 0 7 4
a 111 19 0 7 17
a 111 375 0 10 18
a 122 449 0 300 36
a 122 117 0 1 33
a 122 85 0 9 32
a 122 381 0 2 30
a 122 347 0 7 22
a 122 343 0 2 29
a 122 33 0 4 4
a 124 122 0 300 49
a 124 210 0 9 42
a 124 131 0 4 43
a 124 195 0 7 27
a 124 374 0 6 7
a 124 92 0 2 21
a 124 37 0 7 43
a 124 453 0 4 13
a 124 340 0 6 32
a 124 379 0 7 36
a 124 549 0 6 30
a 124 269 0 4 13
a 149 274 0 300 50
a 149 31 0 8 12
a 149 375 0 8 19
a 149 24 0 6 11
a 149 422 0 1 47
a 149 70 0 10 46
a 149 544 0 5 27
a 149 443 0 1 4
a 149 409 0 5 40
a 149 54 0 8 8
a 149 333 0 5 32
a 149 541 0 9 12
a 149 167 0 1 34
a 149 575 0 7 47
a 149 183 0 5 16
a 159 368 0 300 50
a 159 295 0 4 3
a 159 52 0 1 26
a 165 555 0 300 14
a 165 271 0 8 6
a 165 13 0 2 10
a 165 498 0 8 35
a 180 446 0 300 14
a 180 563 0 8 40
a 180 59 0 7 14
a 180 33 0 6 44
a 180 228 0 3 15
a 180 28 0 9 44
a 180 297 0 4 47
a 206 526 0 300 50
a 206 594 0 6 47
a 206 410 0 10 18
a 206 227 0 7 20
a 207 471 0 300 39
a 207 28 0 8 45
a 207 388 0 5 29
a 207 298 0 5 5
a 237 486 0 300 40
a 237 166 0 1 8
a 237 141 0 4 17
a 237 27 0 3 45
a 243 406 0 300 34
a 243 511 0 7 10
a 243 548 0 10 48
a 243 252 0 8 50
a 247 483 0 300 50
a 247 175 0 7 22
a 247 183 0 3 18
a 247 555 0 4 28
a 247 466 0 1 3
a 247 349 0 5 41
a 247 579 0 7 33
a 247 116 0 9 29
a 247 369 0 10 17
a 252 42 0 300 50
a 252 135 0 2 28
a 252 128 0 4 36
a 252 441 0 10 8
a 252 201 0 10 31
a 252 25 0 1 31
a 252 488 0 4 16
a 252 225 0 6 36
a 252 144 0 4 16
a 252 390 0 7 40
a 253 580 0 300 18
a 253 454 0 8 27
a 253 445 0 9 46
a 253 339 0 4 19
a 253 440 0 8 25
a 253 379 0 5 21
a 253 78 0 2 19
a 253 388 0 7 14
a 253 190 0 6 12
a 253 365 0 1 39
a 253 290 0 7 39
a 253 343 0 4 10
a 253 314 0 9 50
a 253 240 0 8 4
a 253 130 0 1 4
a 257 584 0 300 50
a 257 566 0 6 18
a 257 471 0 1 23
a 257 561 0 3 13
a 257 320 0 9 11
a 257 572 0 4 32
a 257 375 0 9 49
a 257 415 0 1 7
a 274 59 0 300 30
a 274 446 0 8 15
a 274 146 0 9 45
a 274 61 0 6 41
a 274 430 0 8 14
a 283 470 0 300 9
a 283 42 0 2 11
a 283 399 0 8 22
a 283 495 0 2 50
a 283 343 0 7 50
a 283 78 0 6 20
a 283 562 0 10 49
a 283 318 0 8 15
a 283 146 0 9 25
a 283 520 0 8 49
a 283 335 0 2 24
a 283 276 0 3 44
a 283 383 0 3 50
a 283 429 0 8 50
a 283 38 0 6 6
a 283 99 0 8 32
a 310 61 0 300 50
a 310 28 0 9 48
a 310 444 0 10 40
a 310 166 0 4 47
a 310 143 0 1 11
a 310 122 0 9 44
a 310 301 0 10 46
a 310 514 0 5 22
a 324 371 0 300 50
a 324 599 0 300 50
a 324 449 0 1 28
a 324 116 0 3 49
a 324 545 0 5 38
a 324 235 0 5 11
a 324 143 0 6 13
a 324 527 0 10 24
a 324 398 0 1 21
a 324 267 0 6 15
a 324 513 0 7 35
a 324 548 0 2 26
a 324 206 0 10 7
a 324 328 0 1 35
a 325 165 0 300 40
a 325 335 0 10 35
a 325 464 0 2 20
a 325 204 0 10 10
a 325 53 0 6 42
a 325 56 0 5 22
a 325 485 0 4 32
a 325 478 0 10 6
a 350 536 0 300 50
a 350 509 0 7 30
a 350 465 0 2 7
a 350 149 0 9 31
a 350 539 0 5 41
a 352 434 0 300 33
a 352 502 0 10 15
a 352 175 0 4 48
a 352 522 0 4 50
a 352 256 0 2 17
a 352 316 0 10 33
a 352 349 0 10 50
a 352 240 0 3 24
a 355 310 0 300 50
a 355 127 0 1 24
a 355 478 0 6 3
a 355 108 0 9 5
a 355 239 0 10 13
a 355 396 0 10 24
a 355 53 0 8 26
a 355 453 0 10 35
a 355 124 0 10 9
a 355 111 0 2 32
a 355 580 0 1 1
a 355 356 0 5 42
a 355 65 0 2 28
a 355 70 0 4 9
a 355 414 0 2 13
a 362 111 0 300 24
a 362 165 0 2 48
a 362 25 0 4 36
a 362 567 0 1 1
a 368 350 0 300 50
a 368 554 0 1 11
a 368 285 0 9 13
a 368 545 0 10 23
a 368 347 0 1 29
a 368 35 0 1 50
a 371 593 0 300 21
a 371 116 0 4 32
a 371 236 0 8 2
a 371 556 0 6 49
a 371 482 0 6 19
a 371 480 0 3 44
a 371 456 0 8 20
a 371 231 0 8 30
a 371 490 0 9 2
a 371 20 0 5 16
a 371 524 0 7 8
a 371 133 0 2 43
a 371 15 0 8 30
a 384 207 0 300 50
a 384 102 0 10 18
a 384 362 0 10 22
a 384 127 0 10 9
a 384 536 0 7 43
a 384 457 0 9 10
a 384 250 0 1 35
a 387 519 0 300 50
a 387 503 0 10 1
a 387 103 0 10 23
a 387 421 0 10 32
a 387 231 0 5 43
a 387 48 0 2 3
a 387 205 0 1 3
a 387 50 0 4 24
a 387 454 0 5 17
a 387 589 0 10 13
a 387 266 0 9 37
a 387 315 0 1 50
a 387 533 0 6 33
a 392 75 0 300 6
a 392 282 0 1 26
a 392 302 0 6 36
a 392 200 0 3 35
a 392 259 0 4 14
a 392 231 0 1 3
a 392 596 0 3 24
a 392 287 0 9 14
a 392 446 0 6 23
a 392 13 0 1 29
a 392 245 0 8 48
a 392 403 0 5 49
a 392 539 0 3 46
a 392 566 0 7 29
a 400 257 0 300 50
a 400 97 0 7 9
a 400 253 0 5 50
a 400 354 0 10 30
a 400 157 0 8 18
a 406 400 0 300 1
a 406 159 0 3 5
a 406 174 0 8 15
a 406 390 0 1 43
a 406 403 0 10 23
a 406 97 0 3 18
a 406 226 0 1 14
a 406 15 0 5 17
a 406 469 0 2 48
a 406 414 0 3 43
a 406 336 0 2 27
a 406 408 0 9 8
a 406 584 0 6 33
a 406 514 0 1 23
a 411 237 0 300 50
a 411 401 0 8 18
a 411 537 0 9 26
a 411 513 0 3 32
a 411 245 0 6 42
a 411 143 0 5 50
a 411 216 0 4 41
a 411 116 0 9 26
a 411 416 0 7 8
a 411 13 0 3 1
a 411 66 0 6 27
a 411 267 0 8 33
a 411 196 0 6 5
a 411 334 0 7 46
a 411 91 0 9 20
a 423 463 0 300 16
a 423 577 0 2 12
a 423 89 0 3 15
a 434 362 0 300 6
a 434 600 0 3 13
a 434 296 0 7 20
a 434 590 0 2 38
a 434 53 0 6 1
a 446 468 0 300 50
a 446 92 0 10 41
a 446 119 0 4 36
a 446 316 0 8 39
a 446 368 0 8 30
a 446 314 0 1 33
a 446 524 0 5 50
a 449 247 0 300 28
a 449 481 0 5 33
a 449 234 0 1 37
a 449 207 0 4 45
a 449 71 0 3 42
a 449 317 0 4 26
a 449 147 0 7 26
a 449 227 0 9 43
a 449 546 0 3 36
a 449 132 0 3 27
a 449 575 0 10 24
a 463 252 0 300 31
a 463 325 0 10 13
a 463 525 0 5 9
a 463 391 0 1 38
a 463 157 0 2 3
a 463 119 0 9 23
a 463 387 0 4 9
a 463 414 0 1 46
a 468 504 0 300 36
a 468 228 0 1 41
a 468 408 0 4 28
a 468 326 0 5 32
a 468 427 0 9 45
a 468 180 0 5 26
a 468 350 0 2 46
a 468 193 0 10 50
a 468 513 0 2 43
a 468 277 0 7 44
a 468 114 0 10 50
a 468 241 0 2 5
a 468 517 0 2 22
a 468 12 0 3 33
a 468 97 0 4 36
a 470 149 0 300 46
a 470 253 0 5 35
a 470 180 0 6 1
a 470 394 0 3 29
a 470 222 0 5 8
a 470 271 0 10 27
a 470 411 0 9 36
a 470 21 0 8 7
a 470 39 0 6 9
a 470 306 0 5 33
a 470 44 0 10 25
a 470 134 0 3 15
a 471 159 0 300 50
a 471 251 0 7 16
a 471 256 0 5 6
a 471 496 0 4 33
a 471 290 0 7 36
a 471 595 0 3 7
a 471 573 0 4 6
a 471 301 0 6 15
a 471 36 0 9 31
a 483 253 0 300 50
a 483 46 0 4 27
a 483 174 0 8 18
a 483 368 0 9 2
a 486 578 0 300 40
a 486 314 0 5 34
a 486 147 0 1 6
a 486 293 0 6 37
a 486 538 0 8 31
a 486 188 0 10 16
a 486 74 0 5 14
a 486 165 0 1 21
a 486 303 0 5 11
a 486 312 0 1 31
a 504 384 0 300 45
a 504 200 0 5 9
a 504 508 0 5 25
a 504 546 0 6 41
a 504 319 0 5 33
a 504 411 0 5 38
a 504 60 0 6 20
a 504 238 0 8 17
a 504 221 0 2 4
a 504 208 0 7 3
a 504 449 0 6 37
a 504 495 0 7 29
a 519 180 0 300 5
a 519 76 0 2 21
a 526 243 0 300 15
a 526 514 0 2 36
a 526 263 0 1 10
a 526 428 0 1 38
a 526 324 0 6 33
a 526 327 0 10 33
a 526 104 0 4 40
a 536 392 0 300 21
a 536 163 0 1 29
a 536 543 0 8 18
a 536 491 0 10 22
a 536 599 0 2 50
a 536 269 0 10 21
a 536 142 0 1 5
a 555 70 0 300 50
a 555 459 0 1 41
a 555 106 0 3 33
a 555 410 0 10 19
a 555 376 0 8 13
a 555 461 0 8 36
a 555 11 0 4 12
a 555 512 0 6 8
a 555 241 0 10 31
a 555 164 0 1 46
a 555 205 0 6 3
a 555 73 0 7 34
a 555 440 0 10 21
a 555 128 0 10 39
a 555 486 0 4 22
a 578 352 0 300 26
a 578 314 0 8 10
a 578 287 0 1 34
a 578 64 0 9 6
a 578 313 0 9 27
a 580 423 0 300 28
a 580 358 0 1 13
a 580 266 0 3 17
a 584 124 0 300 50
a 584 130 0 1 24
a 584 70 0 2 25
a 584 256 0 4 16
a 584 195 0 6 44
a 584 188 0 2 7
a 584 444 0 6 22
a 584 414 0 8 29
a 584 87 0 6 25
a 584 590 0 9 33
a 584 482 0 8 26
a 584 509 0 5 5
a 9 241 0 508 50
a 9 356 0 9 1
a 9 26 0 10 16
a 9 519 0 3 46
a 9 561 0 9 22
a 9 127 0 9 22
a 32 263 0 508 50
a 32 55 0 9 26
a 32 225 0 10 31
a 32 289 0 3 49
a 32 452 0 4 43
a 32 172 0 5 9
a 32 43 0 3 43
a 44 517 0 508 2
a 44 437 0 5 14
a 44 465 0 4 3
a 44 364 0 10 47
a 44 223 0 7 19
a 44 46 0 7 38
a 44 166 0 3 45
a 44 127 0 6 29
a 44 497 0 6 10
a 44 104 0 10 37
a 44 485 0 3 20
a 56 346 0 508 50
a 56 348 0 5 21
a 56 329 0 6 30
a 56 66 0 1 16
a 56 34 0 10 11
a 56 154 0 10 11
a 56 285 0 9 11
a 81 301 0 508 50
a 81 31 0 9 15
a 81 302 0 6 7
a 81 487 0 1 48
a 81 49 0 2 37
a 81 40 0 6 23
a 81 320 0 8 23
a 81 111 0 3 33
a 81 82 0 1 3
a 87 481 0 508 50
a 87 204 0 6 37
a 87 79 0 3 42
a 87 480 0 2 18
a 100 205 0 508 26
a 100 434 0 9 6
a 100 91 0 2 25
a 100 415 0 5 6
a 100 83 0 10 25
a 100 104 0 2 8
a 100 97 0 8 50
a 100 435 0 8 33
a 100 543 0 7 29
a 100 329 0 3 38
a 100 575 0 9 4
a 120 270 0 508 46
a 120 260 0 10 31
a 120 553 0 8 24
a 120 394 0 9 2
a 120 563 0 7 7
a 120 449 0 9 44
a 120 462 0 5 10
a 120 425 0 1 24
a 120 375 0 4 31
a 120 110 0 9 48
a 125 479 0 508 50
a 125 30 0 10 46
a 130 397 0 508 50
a 130 377 0 7 30
a 130 230 0 8 12
a 130 434 0 6 3
a 130 155 0 6 26
a 131 499 0 508 7
a 131 377 0 10 35
a 131 534 0 10 34
a 131 450 0 6 13
a 131 79 0 4 44
a 131 500 0 1 4
a 132 287 0 508 28
a 132 535 0 6 5
a 132 84 0 2 49
a 132 286 0 5 11
a 132 97 0 10 49
a 132 571 0 6 6
a 132 511 0 1 39
a 132 176 0 7 50
a 132 471 0 9 33
a 132 96 0 4 24
a 132 443 0 2 17
a 132 432 0 8 20
a 137 595 0 508 16
a 137 593 0 508 25
a 137 136 0 4 42
a 137 323 0 8 3
a 137 311 0 8 13
a 137 213 0 4 13
a 137 184 0 10 6
a 137 317 0 3 17
a 148 32 0 508 9
a 148 204 0 8 6
a 148 96 0 10 2
a 148 581 0 8 11
a 148 139 0 7 18
a 148 466 0 2 17
a 148 36 0 7 31
a 148 68 0 6 41
a 148 265 0 10 26
a 162 267 0 508 50
a 162 32 0 5 11
a 162 204 0 7 8
a 162 73 0 1 19
a 162 113 0 10 41
a 162 181 0 2 6
a 162 289 0 6 11
a 162 114 0 8 45
a 162 414 0 10 22
a 162 238 0 1 5
a 162 537 0 10 32
a 162 137 0 1 1
a 162 297 0 6 46
a 162 157 0 3 21
a 164 525 0 508 50
a 164 144 0 8 1
a 164 227 0 9 33
a 178 278 0 508 44
a 178 173 0 7 46
a 178 565 0 2 22
a 178 544 0 7 3
a 178 57 0 4 45
a 178 91 0 2 1
a 178 417 0 10 13
a 178 152 0 2 5
a 178 11 0 2 40
a 178 593 0 2 24
a 178 187 0 6 49
a 187 239 0 508 44
a 187 244 0 7 25
a 187 306 0 7 1
a 187 166 0 1 4
a 187 310 0 2 2
a 187 168 0 4 36
a 187 318 0 10 37
a 187 599 0 9 32
a 187 357 0 10 37
a 187 593 0 7 11
a 194 376 0 508 50
a 194 177 0 3 48
a 203 44 0 508 14
a 203 558 0 4 50
a 203 578 0 10 3
a 203 229 0 9 48
a 203 134 0 7 14
a 203 40 0 5 3
a 203 101 0 7 28
a 203 89 0 3 44
a 203 474 0 1 19
a 203 525 0 4 33
a 205 87 0 508 50
a 205 120 0 5 33
a 205 374 0 7 6
a 205 333 0 9 16
a 205 453 0 3 36
a 205 383 0 1 44
a 205 394 0 1 41
a 205 91 0 5 14
a 211 271 0 508 15
a 211 561 0 10 36
a 211 267 0 2 41
a 211 244 0 6 21
a 211 26 0 7 10
a 211 387 0 1 2
a 211 204 0 1 16
a 211 87 0 4 32
a 211 237 0 8 46
a 211 101 0 3 26
a 224 131 0 508 40
a 224 576 0 9 48
a 224 75 0 9 13
a 224 117 0 4 23
a 224 113 0 8 15
a 239 242 0 508 10
a 239 156 0 8 3
a 239 486 0 10 3
a 239 65 0 2 46
a 241 194 0 508 47
a 241 91 0 9 48
a 241 24 0 8 44
a 241 423 0 4 13
a 241 145 0 3 32
a 241 118 0 4 34
a 241 107 0 7 22
a 241 566 0 1 15
a 241 99 0 3 26
a 241 155 0 10 32
a 241 466 0 8 4
a 241 473 0 4 19
a 241 368 0 6 15
a 241 550 0 1 41
a 241 358 0 8 24
a 242 550 0 508 50
a 242 50 0 2 27
a 242 301 0 2 12
a 242 566 0 5 11
a 242 575 0 6 10
a 242 153 0 6 38
a 242 328 0 2 46
a 242 113 0 6 27
a 242 341 0 4 20
a 242 490 0 6 2
a 242 417 0 1 49
a 242 489 0 5 49
a 242 577 0 3 15
a 242 371 0 7 20
a 254 164 0 508 50
a 254 199 0 6 14
a 254 328 0 7 37
a 263 211 0 508 25
a 263 287 0 2 43
a 263 304 0 2 20
a 263 328 0 8 31
a 263 56 0 7 43
a 263 471 0 3 10
a 263 436 0 10 49
a 263 363 0 3 29
a 263 574 0 1 49
a 263 293 0 8 6
a 263 108 0 3 35
a 263 337 0 5 27
a 263 255 0 9 39
a 265 203 0 508 26
a 265 535 0 7 28
a 265 518 0 2 35
a 265 484 0 7 36
a 265 276 0 8 1
a 267 565 0 508 50
a 267 391 0 2 31
a 267 119 0 5 48
a 267 302 0 4 50
a 267 32 0 4 39
a 270 56 0 508 50
a 270 552 0 2 1
a 270 293 0 10 16
a 270 34 0 5 24
a 270 114 0 10 23
a 270 586 0 4 12
a 270 442 0 3 27
a 270 193 0 5 24
a 270 306 0 5 13
a 270 440 0 3 6
a 271 178 0 508 8
a 271 62 0 9 7
a 271 63 0 2 9
a 271 531 0 9 25
a 271 252 0 2 33
a 271 24 0 2 1
a 278 452 0 508 8
a 278 502 0 10 37
a 278 264 0 8 42
a 278 498 0 7 5
a 278 157 0 4 41
a 287 534 0 508 50
a 287 515 0 7 33
a 287 87 0 5 27
a 287 97 0 2 46
a 287 454 0 5 17
a 287 461 0 5 17
a 287 413 0 9 23
a 287 42 0 8 36
a 287 17 0 9 37
a 301 436 0 508 7
a 301 179 0 10 19
a 301 452 0 7 44
a 301 551 0 7 36
a 301 249 0 8 30
a 301 448 0 5 1
a 301 536 0 3 26
a 301 360 0 4 33
a 346 380 0 508 37
a 346 181 0 9 37
a 346 213 0 7 50
a 346 450 0 1 20
a 346 135 0 10 6
a 346 101 0 9 18
a 346 96 0 2 33
a 346 130 0 3 31
a 346 388 0 4 48
a 346 176 0 9 17
a 346 183 0 8 28
a 353 224 0 508 9
a 353 152 0 3 13
a 353 284 0 6 7
a 353 216 0 5 49
a 353 261 0 4 47
a 365 120 0 508 21
a 365 27 0 7 19
a 365 297 0 7 3
a 365 278 0 7 10
a 376 265 0 508 3
a 376 356 0 8 24
a 376 277 0 1 27
a 376 579 0 10 11
a 376 443 0 2 50
a 376 242 0 5 25
a 376 273 0 1 48
a 376 34 0 9 30
a 376 449 0 5 23
a 376 88 0 2 29
a 376 234 0 9 37
a 376 339 0 9 48
a 376 315 0 1 31
a 376 137 0 1 27
a 376 553 0 2 14
a 380 132 0 508 50
a 380 404 0 6 7
a 380 155 0 5 39
a 380 197 0 7 40
a 380 489 0 6 7
a 380 87 0 5 29
a 380 225 0 6 31
a 388 353 0 508 34
a 388 30 0 5 39
a 388 224 0 1 15
a 388 228 0 5 30
a 388 415 0 9 37
a 388 524 0 8 38
a 388 369 0 7 7
a 388 108 0 9 32
a 388 557 0 2 50
a 397 148 0 508 50
a 397 381 0 6 36
a 397 539 0 6 29
a 397 487 0 6 13
a 397 277 0 7 23
a 397 342 0 5 34
a 397 22 0 2 14
a 397 325 0 1 43
a 436 494 0 508 50
a 436 252 0 7 50
a 436 163 0 8 12
a 436 561 0 4 7
a 436 276 0 6 22
a 452 137 0 508 20
a 452 263 0 4 4
a 452 22 0 1 12
a 452 246 0 1 43
a 452 535 0 9 21
a 452 67 0 3 1
a 452 42 0 7 10
a 452 78 0 5 25
a 452 442 0 2 29
a 452 129 0 4 36
a 452 538 0 2 9
a 452 145 0 2 33
a 452 591 0 6 14
a 452 499 0 5 4
a 452 352 0 5 11
a 479 254 0 508 15
a 479 159 0 7 3
a 479 79 0 3 18
a 479 84 0 5 2
a 479 584 0 8 14
a 481 501 0 508 20
a 481 361 0 7 37
a 481 309 0 10 1
a 494 100 0 508 47
a 494 66 0 6 46
a 494 263 0 6 50
a 494 353 0 7 49
a 494 599 0 8 33
a 494 37 0 6 12
a 494 184 0 9 31
a 494 479 0 3 20
a 494 341 0 6 32
a 494 260 0 6 26
a 499 81 0 508 50
a 499 427 0 10 20
a 499 257 0 5 50
a 499 330 0 6 49
a 499 291 0 3 6
a 499 519 0 5 13
a 499 459 0 3 11
a 501 365 0 508 9
a 501 201 0 7 8
a 501 367 0 8 11
a 501 526 0 7 17
a 517 125 0 508 23
a 517 95 0 1 15
a 517 340 0 6 25
a 517 146 0 2 24
a 517 266 0 7 22
a 517 11 0 2 49
a 517 540 0 2 2
a 525 162 0 508 50
a 525 161 0 1 10
a 534 130 0 508 50
a 534 256 0 10 17
a 534 454 0 7 27
a 550 388 0 508 29
a 550 547 0 7 40
a 550 28 0 8 13
a 550 66 0 6 25
a 550 172 0 3 19
a 550 304 0 9 5
a 550 109 0 5 20
a 550 192 0 1 11
a 550 381 0 1 20
a 550 86 0 1 47
a 550 327 0 3 20
a 550 534 0 10 33
a 550 556 0 1 38
a 550 177 0 10 9
a 565 187 0 508 50
a 565 423 0 7 24
a 565 463 0 2 26
a 565 292 0 10 35
a 565 104 0 7 33
a 565 263 0 6 46
a 565 118 0 2 4
a 565 411 0 10 2
a 10 272 0 405 50
a 10 73 0 6 46
a 10 399 0 8 38
a 10 308 0 7 40
a 10 441 0 4 18
a 10 11 0 2 8
a 10 44 0 6 24
a 10 429 0 7 26
a 10 264 0 1 24
a 10 444 0 7 31
a 14 74 0 405 50
a 14 427 0 10 19
a 14 151 0 6 5
a 14 253 0 1 18
a 14 505 0 3 1
a 14 356 0 9 6
a 14 284 0 6 46
a 14 290 0 10 49
a 14 394 0 1 4
a 26 490 0 405 22
a 26 332 0 6 33
a 26 509 0 6 30
a 26 596 0 3 25
a 26 544 0 2 1
a 26 395 0 8 27
a 26 29 0 5 50
a 26 294 0 1 2
a 36 232 0 405 50
a 36 501 0 8 45
a 36 103 0 8 23
a 36 413 0 3 16
a 36 485 0 9 1
a 36 439 0 7 36
a 36 589 0 3 9
a 36 253 0 3 15
a 40 361 0 405 50
a 40 217 0 7 37
a 40 529 0 5 26
a 40 355 0 9 4
a 40 81 0 6 34
a 40 338 0 6 1
a 40 61 0 5 22
a 40 52 0 7 28
a 40 234 0 3 18
a 54 521 0 405 50
a 54 486 0 9 36
a 54 32 0 1 41
a 58 512 0 405 1
a 58 175 0 8 44
a 58 293 0 8 15
a 72 214 0 405 50
a 72 319 0 7 17
a 72 229 0 1 27
a 72 291 0 1 25
a 72 300 0 10 4
a 72 341 0 9 11
a 72 467 0 2 39
a 72 369 0 7 40
a 72 486 0 1 29
a 72 572 0 6 42
a 72 262 0 7 8
a 72 81 0 9 18
a 72 125 0 6 39
a 72 133 0 1 2
a 72 373 0 3 27
a 72 163 0 9 20
a 73 487 0 405 48
a 73 525 0 4 31
a 73 163 0 1 21
a 73 324 0 1 42
a 73 104 0 4 31
a 73 131 0 1 40
a 73 523 0 7 40
a 74 54 0 405 50
a 74 597 0 405 19
a 74 263 0 7 10
a 74 248 0 3 2
a 74 505 0 7 40
a 74 311 0 10 16
a 74 233 0 10 32
a 74 169 0 3 30
a 74 439 0 6 50
a 74 12 0 7 30
a 74 333 0 1 22
a 74 599 0 4 11
a 74 587 0 10 42
a 76 509 0 405 1
a 76 271 0 8 40
a 76 222 0 7 4
a 93 503 0 405 50
a 93 28 0 5 49
a 93 310 0 2 26
a 93 433 0 1 11
a 93 190 0 8 33
a 93 223 0 7 12
a 93 331 0 8 40
a 109 14 0 405 7
a 109 557 0 2 20
a 109 289 0 6 23
a 109 142 0 9 40
a 109 235 0 4 21
a 109 547 0 3 43
a 109 575 0 5 36
a 112 598 0 405 30
a 112 423 0 8 35
a 112 170 0 5 1
a 112 486 0 10 16
a 112 320 0 1 15
a 112 21 0 9 20
a 112 378 0 5 20
a 112 368 0 3 29
a 112 94 0 4 3
a 112 90 0 7 16
a 112 115 0 1 37
a 112 244 0 5 50
a 112 128 0 4 40
a 112 400 0 10 18
a 112 54 0 1 33
a 112 84 0 8 16
a 112 139 0 9 33
a 113 58 0 405 50
a 113 423 0 9 46
a 113 362 0 10 18
a 113 367 0 5 38
a 113 62 0 10 15
a 113 55 0 3 6
a 113 217 0 2 16
a 113 176 0 7 39
a 113 72 0 6 43
a 113 271 0 4 49
a 136 305 0 405 20
a 136 193 0 5 8
a 136 577 0 4 37
a 136 183 0 7 41
a 136 559 0 10 3
a 136 332 0 1 49
a 136 443 0 1 18
a 136 48 0 7 50
a 136 512 0 4 1
a 136 522 0 8 2
a 136 181 0 7 18
a 136 420 0 10 38
a 136 308 0 10 19
a 136 552 0 9 45
a 141 502 0 405 22
a 141 404 0 1 29
a 141 281 0 5 20
a 144 266 0 405 50
a 144 363 0 9 28
a 144 570 0 3 5
a 144 539 0 1 3
a 144 196 0 4 22
a 144 350 0 2 33
a 144 139 0 5 2
a 166 136 0 405 17
a 166 218 0 5 49
a 166 98 0 1 11
a 171 297 0 405 15
a 171 436 0 8 38
a 171 122 0 2 38
a 171 534 0 4 38
a 171 60 0 6 8
a 171 402 0 3 24
a 171 589 0 5 33
a 171 304 0 6 31
a 171 319 0 6 33
a 171 224 0 6 46
a 171 311 0 7 30
a 183 491 0 405 50
a 183 144 0 1 50
a 183 315 0 8 23
a 183 166 0 1 38
a 183 320 0 3 4
a 183 188 0 2 44
a 183 233 0 8 6
a 183 593 0 10 9
a 214 344 0 405 36
a 214 444 0 7 45
a 214 484 0 1 12
a 214 22 0 1 29
a 214 130 0 10 20
a 214 433 0 7 37
a 214 275 0 1 7
a 214 131 0 1 2
a 214 154 0 6 39
a 214 352 0 9 4
a 232 333 0 405 26
a 232 600 0 4 22
a 232 301 0 7 46
a 233 113 0 405 50
a 233 258 0 1 41
a 233 578 0 7 37
a 233 214 0 5 35
a 233 128 0 5 24
a 233 309 0 2 18
a 233 55 0 4 33
a 233 212 0 10 6
a 233 454 0 2 21
a 233 60 0 4 45
a 233 256 0 2 40
a 233 413 0 1 37
a 233 341 0 7 10
a 233 18 0 2 45
a 233 140 0 7 49
a 233 254 0 3 38
a 233 360 0 9 37
a 261 377 0 405 50
a 261 50 0 9 31
a 261 327 0 6 10
a 261 578 0 4 42
a 261 417 0 10 5
a 261 483 0 9 5
a 261 532 0 10 44
a 261 201 0 6 10
a 261 93 0 8 16
a 261 564 0 8 40
a 261 431 0 1 43
a 261 346 0 4 22
a 261 74 0 4 34
a 261 369 0 7 30
a 261 347 0 7 41
a 261 357 0 3 11
a 266 374 0 405 50
a 266 514 0 7 8
a 266 417 0 8 14
a 266 327 0 1 9
a 266 333 0 9 26
a 266 507 0 2 8
a 266 426 0 4 26
a 266 99 0 8 35
a 266 234 0 6 15
a 266 242 0 9 17
a 266 113 0 7 14
a 266 504 0 6 46
a 266 251 0 5 37
a 266 25 0 2 3
a 268 496 0 405 50
a 268 265 0 1 40
a 268 365 0 3 12
a 268 43 0 3 7
a 268 154 0 2 44
a 268 187 0 7 30
a 268 120 0 2 40
a 268 555 0 6 40
a 268 501 0 8 17
a 268 495 0 1 36
a 268 61 0 6 45
a 268 562 0 9 28
a 268 53 0 8 39
a 268 198 0 9 7
a 268 225 0 9 11
a 269 582 0 405 50
a 269 344 0 6 23
a 269 314 0 6 3
a 269 162 0 3 45
a 269 376 0 5 46
a 269 581 0 3 19
a 269 115 0 10 40
a 272 456 0 405 23
a 272 413 0 6 6
a 293 26 0 405 17
a 293 315 0 6 23
a 293 46 0 2 29
a 297 112 0 405 50
a 297 401 0 6 41
a 305 183 0 405 50
a 305 275 0 8 26
a 305 365 0 9 8
a 305 500 0 10 14
a 305 312 0 5 18
a 305 149 0 6 23
a 305 547 0 9 35
a 305 300 0 4 22
a 305 113 0 9 36
a 305 427 0 10 29
a 305 577 0 10 11
a 311 269 0 405 50
a 311 284 0 7 33
a 311 190 0 9 12
a 311 496 0 10 18
a 311 498 0 8 32
a 311 186 0 1 9
a 311 542 0 8 22
a 311 440 0 1 23
a 311 489 0 3 18
a 311 324 0 4 36
a 311 560 0 5 25
a 311 206 0 9 19
a 311 211 0 5 46
a 311 187 0 5 32
a 311 29 0 3 23
a 311 313 0 3 28
a 311 522 0 10 45
a 313 588 0 405 50
a 313 530 0 7 44
a 323 433 0 405 50
a 323 96 0 4 22
a 323 333 0 5 30
a 323 109 0 4 40
a 323 224 0 7 4
a 323 302 0 6 2
a 323 389 0 9 39
a 323 398 0 8 42
a 323 101 0 2 46
a 323 597 0 7 5
a 323 585 0 7 45
a 323 366 0 2 21
a 333 72 0 405 50
a 333 395 0 9 1
a 333 558 0 3 27
a 333 233 0 7 44
a 333 270 0 9 17
a 333 580 0 3 2
a 333 130 0 10 8
a 333 292 0 2 3
a 333 560 0 7 37
a 333 20 0 4 6
a 333 531 0 7 17
a 344 93 0 405 50
a 344 422 0 10 13
a 344 64 0 9 36
a 344 497 0 3 42
a 344 192 0 7 46
a 344 446 0 1 16
a 344 280 0 2 11
a 361 171 0 405 50
a 361 228 0 9 2
a 361 599 0 4 8
a 361 575 0 5 34
a 361 569 0 3 8
a 361 127 0 5 29
a 361 34 0 5 26
a 374 76 0 405 50
a 374 142 0 1 14
a 375 261 0 405 50
a 375 593 0 8 36
a 375 81 0 9 21
a 375 231 0 3 44
a 377 109 0 405 48
a 377 150 0 6 20
a 377 70 0 8 22
a 377 275 0 1 42
a 377 131 0 10 46
a 377 481 0 7 36
a 377 193 0 1 17
a 377 87 0 1 36
a 377 261 0 3 48
a 377 293 0 1 5
a 389 268 0 405 50
a 389 562 0 2 16
a 405 431 0 405 50
a 405 47 0 5 46
a 405 526 0 1 16
a 405 145 0 10 50
a 405 64 0 1 29
a 405 452 0 7 47
a 405 171 0 10 45
a 405 367 0 3 4
a 405 300 0 6 48
a 405 103 0 2 22
a 431 36 0 405 50
a 431 577 0 4 49
a 431 314 0 4 47
a 431 74 0 4 50
a 431 134 0 3 23
a 431 470 0 6 30
a 431 272 0 8 28
a 431 106 0 4 48
a 431 284 0 5 17
a 431 558 0 5 20
a 431 552 0 10 50
a 431 589 0 3 17
a 431 139 0 10 43
a 431 268 0 9 40
a 431 531 0 10 19
a 431 361 0 5 2
a 431 442 0 2 43
a 433 389 0 405 4
a 433 334 0 6 7
a 433 395 0 7 48
a 433 580 0 6 4
a 433 579 0 5 4
a 433 592 0 8 17
a 433 481 0 6 4
a 433 288 0 8 26
a 456 405 0 405 36
a 456 410 0 9 30
a 456 53 0 3 45
a 487 293 0 405 50
a 487 102 0 1 23
a 487 18 0 5 34
a 487 261 0 4 6
a 487 390 0 8 7
a 487 226 0 2 13
a 487 524 0 7 41
a 487 318 0 8 10
a 487 326 0 8 37
a 487 154 0 4 45
a 487 367 0 1 29
a 490 166 0 405 50
a 490 178 0 5 11
a 490 314 0 4 13
a 490 278 0 3 2
a 491 144 0 405 50
a 491 43 0 4 24
a 491 501 0 8 15
a 491 175 0 3 15
a 491 277 0 7 22
a 491 240 0 6 44
a 491 428 0 2 36
a 491 42 0 4 38
a 491 48 0 10 31
a 491 562 0 7 4
a 491 111 0 3 11
a 491 545 0 10 42
a 491 275 0 5 20
a 491 409 0 5 17
a 491 118 0 6 25
a 491 273 0 9 28
a 491 69 0 7 21
a 491 198 0 3 6
a 491 265 0 5 38
a 496 311 0 405 50
a 496 465 0 10 2
a 496 537 0 2 11
a 496 229 0 6 15
a 496 30 0 6 38
a 496 182 0 7 24
a 496 259 0 4 33
a 496 470 0 8 20
a 496 472 0 1 47
a 496 128 0 6 14
a 502 233 0 405 50
a 502 471 0 1 22
a 502 429 0 4 28
a 502 126 0 6 29
a 502 326 0 6 29
a 502 490 0 8 48
a 502 144 0 3 8
a 502 179 0 1 42
a 502 281 0 3 12
a 502 247 0 8 5
a 502 60 0 8 34
a 502 456 0 6 13
a 502 540 0 7 8
a 502 448 0 4 39
a 502 393 0 9 18
a 502 216 0 7 46
a 502 218 0 3 10
a 502 507 0 3 21
a 503 323 0 405 50
a 503 73 0 10 48
a 503 510 0 9 48
a 503 160 0 3 35
a 503 550 0 8 26
a 503 321 0 8 27
a 503 187 0 2 48
a 503 357 0 2 37
a 503 354 0 10 50
a 503 185 0 8 35
a 503 190 0 6 30
a 509 40 0 405 50
a 509 479 0 2 39
a 509 189 0 8 22
a 509 428 0 5 43
a 509 289 0 4 38
a 512 73 0 405 15
a 512 356 0 9 39
a 512 395 0 6 49
a 512 56 0 5 11
a 512 483 0 1 7
a 521 313 0 405 50
a 521 596 0 405 34
a 521 307 0 8 36
a 521 196 0 7 12
a 521 598 0 7 42
a 521 112 0 7 20
a 521 509 0 10 6
a 521 80 0 7 46
a 521 349 0 7 10
a 521 580 0 4 23
a 521 94 0 3 11
a 521 562 0 7 35
a 521 66 0 6 17
a 521 296 0 8 25
a 521 519 0 10 24
a 521 512 0 10 50
a 521 477 0 9 30
a 521 188 0 2 36
a 582 375 0 405 33
a 582 388 0 7 43
a 582 40 0 4 36
a 582 580 0 3 36
a 582 190 0 9 10
a 582 271 0 9 49
a 582 90 0 10 7
a 582 597 0 9 7
a 588 141 0 405 41
a 588 281 0 5 11
a 588 279 0 2 2
a 588 223 0 5 33
a 588 90 0 9 39
a 588 313 0 9 12
